1
3
4
11
12
13
14
16
22
25
30
31
32
33
35
36
39
41
42
43
44
45
46
47
51
53
54
56
57
59
62
64
66
67
68
69
70
71
79
80
81
83
84
87
89
90
91
94
96
97
98
99
101
102
103
104
105
106
107
108
109
111
113
114
115
116
118
120
121
122
125
127
128
129
130
131
133
135
137
140
142
144
145
146
147
148
150
154
156
159
160
161
163
164
165
167
171
172
173
176
177
178
180
181
182
183
184
185
186
187
188
191
193
195
198
199
200
201
202
203
205
206
207
209
210
211
212
216
217
218
219
221
222
223
225
226
227
229
230
231
232
233
235
236
237
239
242
245
246
247
248
249
250
252
253
256
257
258
260
263
265
267
270
271
272
273
274
275
278
279
282
284
286
289
290
291
293
296
297
298
299
300
301
303
304
305
306
308
312
314
316
318
320
322
327
331
332
334
336
339
342
343
344
345
346
347
348
350
351
352
353
354
355
356
359
360
362
363
364
366
369
370
372
375
376
377
378
380
381
382
383
384
388
389
390
391
392
394
396
399
401
403
404
405
406
407
408
410
411
412
415
416
417
418
420
421
422
423
425
427
428
429
430
431
432
433
436
438
445
446
447
451
452
453
454
455
456
457
458
459
460
461
463
465
466
468
469
471
472
474
475
478
479
480
483
484
485
486
489
491
492
493
494
495
498
501
503
506
508
509
510
512
513
514
515
517
519
522
523
524
525
526
527
529
530
531
532
534
535
536
537
539
543
545
547
549
551
553
554
556
558
560
561
562
564
565
566
567
570
571
573
575
576
578
580
582
583
584
585
586
590
591
592
593
596
597
599
601
603
604
607
612
614
616
619
627
628
630
631
634
635
640
643
644
645
646
647
648
651
652
654
655
658
664
665
666
668
669
672
673
676
678
679
680
681
682
683
684
685
686
687
691
695
697
698
699
700
703
705
707
708
709
710
711
715
716
718
719
721
723
724
731
733
734
735
736
738
741
743
744
745
749
750
751
752
753
755
757
758
759
760
763
764
769
770
771
772
773
776
780
782
784
785
790
791
792
793
794
795
796
798
799
802
803
804
808
809
810
816
817
819
822
823
824
825
829
831
833
835
836
837
839
842
844
846
847
851
853
856
865
867
868
870
871
872
874
877
878
879
881
882
883
886
887
889
892
896
898
901
903
904
905
906
907
910
911
912
914
915
917
918
919
921
922
924
925
927
928
929
930
931
936
939
945
946
949
950
951
952
955
958
959
964
965
968
969
971
973
974
975
977
978
980
982
983
985
987
989
990
991
994
995
996
997
998
999
1000
1001
1002
1003
1005
1007
1008
1011
1016
1017
1020
1021
1022
1024
1026
1028
1029
1030
1032
1033
1034
1035
1036
1038
1042
1043
1045
1046
1049
1050
1053
1054
1056
1058
1059
1063
1064
1066
1067
1073
1075
1077
1078
1079
1082
1083
1085
1086
1087
1088
1092
1094
1097
1099
1100
1101
1103
1104
1105
1106
1108
1110
1111
1113
1114
1116
1117
1118
1123
1125
1126
1127
1129
1130
1131
1132
1134
1136
1137
1138
1140
1141
1145
1146
1147
1150
1151
1153
1156
1157
1160
1162
1163
1165
1166
1168
1169
1171
1172
1173
1174
1176
1178
1179
1180
1181
1182
1184
1186
1190
1192
1193
1195
1196
1197
1199
1200
1201
1203
1204
1205
1206
1209
1215
1217
1218
1221
1222
1223
1224
1225
1226
1227
1228
1229
1231
1233
1234
1235
1237
1238
1240
1243
1244
1246
1247
1249
1251
1253
1255
1256
1258
1259
1262
1264
1265
1266
1267
1268
1269
1270
1274
1275
1278
1280
1281
1282
1284
1285
1286
1287
1289
1292
1294
1295
1296
1297
1299
1301
1302
1303
1305
1306
1308
1309
1312
1313
1314
1315
1316
1317
1319
1321
1326
1327
1328
1329
1331
1332
1333
1334
1335
1337
1338
1339
1341
1342
1343
1344
1346
1348
1350
1352
1353
1357
1359
1361
1362
1363
1364
1365
1366
1367
1368
1369
1370
1371
1372
1373
1374
1376
1378
1379
1380
1381
1382
1383
1384
1387
1388
1389
1391
1392
1395
1396
1398
1400
1401
1403
1405
1408
1411
1412
1414
1415
1417
1423
1428
1429
1430
1431
1433
1439
1440
1443
1444
1446
1448
1450
1456
1457
1458
1459
1462
1463
1465
1466
1468
1469
1470
1471
1473
1476
1477
1478
1479
1481
1483
1484
1485
1486
1487
1488
1491
1492
1493
1494
1495
1496
1497
1500
1501
1502
1503
1504
1505
1508
1509
1511
1512
1513
1514
1517
1522
1523
1524
1526
1527
1530
1531
1534
1535
1538
1540
1541
1544
1545
1546
1548
1549
1550
1552
1554
1555
1557
1558
1561
1563
1565
1566
1567
1570
1571
1572
1574
1576
1577
1580
1581
1582
1585
1588
1589
1592
1593
1594
1595
1599
1600
1602
1606
1607
1613
1614
1618
1620
1621
1623
1627
1628
1629
1630
1631
1633
1635
1637
1638
1639
1640
1642
1643
1644
1646
1648
1649
1650
1652
1653
1654
1656
1657
1658
1660
1663
1665
1666
1667
1668
1670
1673
1675
1676
1678
1680
1681
1682
1689
1690
1692
1693
1694
1696
1699
1701
1703
1704
1707
1708
1712
1713
1714
1716
1720
1721
1724
1725
1726
1728
1729
1732
1735
1736
1737
1739
1740
1741
1742
1746
1747
1749
1750
1756
1758
1759
1761
1763
1764
1766
1767
1768
1769
1770
1771
1772
1773
1774
1775
1777
1780
1782
1783
1784
1785
1786
1787
1788
1789
1790
1791
1792
1794
1795
1796
1797
1798
1800
1801
1802
1803
1804
1806
1808
1810
1811
1812
1813
1814
1817
1818
1819
1820
1821
1822
1824
1825
1829
1830
1832
1834
1837
1839
1840
1843
1846
1847
1850
1851
1852
1853
1854
1859
1861
1862
1865
1870
1871
1872
1874
1875
1877
1882
1883
1884
1886
1887
1888
1889
1890
1891
1893
1897
1899
1900
1902
1903
1904
1906
1907
1908
1909
1911
1912
1913
1914
1916
1918
1920
1925
1926
1927
1928
1930
1931
1932
1933
1936
1937
1940
1943
1945
1948
1949
1951
1952
1953
1957
1959
1960
1963
1965
1969
1970
1972
1973
1975
1976
1977
1979
1980
1981
1982
1983
1984
1986
1987
1988
1991
1992
1998
2000
2001
2002
2007
2008
2009
2010
2012
2014
2015
2016
2017
2018
2019
2020
2024
2025
2026
2029
2033
2034
2036
2038
2040
2041
2042
2043
2045
2047
2048
2049
2051
2052
2053
2055
2058
2059
2061
2063
2064
2065
2068
2069
2070
2071
2074
2075
2076
2078
2079
2080
2081
2083
2084
2086
2088
2091
2093
2096
2098
2099
2100
2102
2103
2104
2105
2106
2108
2109
2111
2112
2113
2115
2117
2118
2119
2122
2125
2128
2130
2132
2133
2135
2136
2137
2138
2140
2142
2143
2145
2146
2147
2151
2153
2155
2158
2159
2161
2162
2163
2164
2165
2166
2167
2168
2170
2171
2172
2173
2174
2177
2179
2180
2184
2185
2186
2188
2189
2190
2193
2194
2196
2197
2198
2200
2202
2204
2208
2209
2210
2211
2212
2213
2221
2222
2223
2226
2229
2230
2233
2235
2237
2239
2240
2241
2242
2247
2250
2252
2253
2254
2255
2256
2257
2258
2262
2263
2265
2267
2268
2269
2270
2271
2272
2273
2274
2275
2276
2277
2278
2280
2281
2283
2286
2288
2289
2290
2295
2298
2299
2300
2302
2303
2304
2305
2307
2309
2313
2315
2316
2317
2321
2323
2324
2325
2326
2327
2328
2329
2331
2332
2336
2337
2338
2340
2341
2343
2344
2345
2347
2348
2349
2351
2352
2353
2354
2357
2359
2360
2362
2365
2366
2367
2369
2370
2371
2373
2374
2377
2378
2379
2380
2381
2382
2385
2388
2389
2390
2393
2394
2395
2396
2397
2399
2401
2402
2403
2404
2406
2407
2409
2412
2415
2417
2418
2420
2421
2422
2423
2424
2425
2428
2429
2430
2431
2432
2434
2436
2437
2438
2439
2440
2441
2442
2444
2447
2448
2449
2450
2451
2454
2455
2456
2458
2459
2460
2461
2462
2463
2468
2470
2471
2472
2473
2474
2475
2478
2479
2481
2484
2485
2486
2489
2490
2493
2494
2496
2497
2498
2499
2500
2501
2502
2503
2504
2509
2510
2511
2513
2515
2516
2520
2524
2525
2526
2527
2528
2529
2530
2531
2533
2534
2535
2538
2539
2541
2543
2544
2545
2546
2547
2549
2550
2551
2552
2554
2557
2559
2561
2562
2563
2564
2565
2566
2571
2572
2574
2575
2576
2577
2579
2581
2582
2585
2587
2588
2589
2590
2592
2593
2596
2598
2602
2603
2605
2606
2607
2608
2609
2611
2612
2613
2614
2615
2617
2618
2620
2621
2626
2628
2630
2632
2634
2635
2636
2637
2638
2639
2640
2642
2643
2645
2648
2649
2650
2651
2654
2658
2663
2664
2666
2668
2670
2673
2674
2676
2677
2679
2680
2681
2682
2683
2684
2686
2688
2689
2695
2696
2698
2699
2700
2701
2703
2704
2708
2709
2710
2711
2713
2715
2716
2720
2721
2725
2726
2729
2730
2731
2733
2735
2736
2738
2739
2741
2742
2743
2744
2747
2750
2751
2752
2753
2755
2757
2760
2762
2763
2764
2765
2766
2768
2769
2770
2771
2772
2773
2775
2776
2777
2778
2779
2780
2782
2785
2786
2789
2796
2798
2799
2802
2803
2804
2809
2810
2813
2815
2817
2818
2819
2820
2822
2824
2825
2827
2828
2830
2833
2836
2837
2839
2841
2843
2844
2847
2848
2850
2851
2853
2855
2856
2857
2863
2866
2870
2871
2872
2873
2875
2876
2878
2879
2880
2885
2886
2888
2890
2892
2896
2898
2900
2902
2903
2905
2909
2910
2913
2914
2915
2916
2917
2919
2920
2921
2924
2927
2929
2935
2936
2939
2940
2941
2942
2943
2944
2945
2946
2948
2950
2954
2955
2956
2962
2966
2967
2968
2970
2971
2973
2974
2977
2981
2982
2984
2986
2988
2991
2992
2993
2995
2996
2997
2998
2999
3002
3003
3005
3006
3007
3009
3011
3012
3014
3016
3019
3020
3021
3023
3028
3030
3031
3032
3033
3035
3037
3038
3040
3041
3042
3044
3045
3047
3048
3050
3051
3053
3055
3057
3059
3060
3063
3065
3069
3070
3071
3074
3076
3077
3079
3082
3083
3084
3086
3087
3088
3093
3095
3098
3104
3105
3106
3107
3109
3111
3113
3114
3117
3118
3121
3123
3124
3125
3126
3129
3131
3132
3133
3136
3139
3141
3142
3143
3144
3145
3146
3147
3148
3149
3150
3152
3153
3155
3158
3159
3160
3161
3162
3163
3164
3167
3168
3169
3170
3171
3172
3174
3175
3176
3177
3178
3179
3181
3182
3184
3185
3188
3189
3192
3193
3195
3196
3200
3202
3203
3204
3205
3206
3208
3215
3218
3219
3220
3221
3222
3223
3227
3228
3230
3231
3232
3234
3235
3237
3238
3241
3243
3245
3246
3250
3252
3253
3255
3256
3260
3265
3266
3267
3269
3271
3272
3274
3278
3279
3280
3281
3283
3284
3286
3287
3288
3289
3290
3293
3294
3295
3297
3300
3301
3303
3304
3306
3307
3310
3311
3312
3313
3317
3321
3324
3326
3327
3329
3330
3331
3332
3335
3338
3339
3342
3344
3351
3353
3354
3356
3357
3360
3361
3363
3364
3367
3369
3370
3371
3373
3375
3378
3379
3380
3381
3383
3384
3385
3386
3387
3389
3392
3393
3395
3396
3397
3398
3400
3402
3404
3407
3408
3409
3410
3415
3416
3417
3419
3422
3424
3425
3426
3427
3428
3431
3432
3433
3440
3442
3444
3445
3446
3447
3448
3453
3455
3457
3458
3460
3461
3462
3463
3465
3466
3471
3473
3474
3475
3476
3477
3478
3481
3482
3486
3487
3488
3489
3490
3492
3496
3498
3499
3500
3501
3504
3509
3510
3514
3516
3520
3523
3524
3527
3528
3530
3531
3532
3534
3539
3544
3546
3547
3549
3551
3552
3554
3555
3556
3558
3559
3560
3562
3563
3565
3568
3569
3570
3571
3572
3574
3575
3577
3580
3581
3582
3583
3584
3585
3586
3587
3588
3589
3590
3591
3593
3594
3595
3596
3598
3600
3601
3603
3604
3605
3606
3607
3608
3611
3612
3614
3617
3618
3619
3620
3621
3623
3624
3625
3626
3627
3631
3634
3636
3637
3639
3640
3641
3647
3648
3650
3651
3652
3658
3659
3661
3662
3667
3669
3670
3672
3674
3675
3679
3680
3681
3682
3686
3687
3689
3691
3692
3693
3694
3696
3697
3698
3699
3700
3701
3703
3704
3707
3708
3710
3711
3712
3714
3716
3717
3723
3725
3726
3727
3729
3731
3732
3733
3734
3735
3736
3737
3738
3739
3741
3742
3743
3744
3745
3747
3748
3749
3751
3752
3753
3754
3755
3756
3758
3759
3761
3762
3763
3765
3766
3767
3771
3772
3773
3778
3779
3780
3782
3785
3786
3789
3790
3792
3793
3795
3796
3797
3799
3801
3803
3804
3809
3811
3813
3817
3819
3821
3822
3825
3826
3827
3828
3829
3830
3831
3832
3833
3834
3836
3838
3839
3840
3841
3844
3845
3849
3852
3853
3854
3855
3856
3857
3858
3859
3860
3865
3866
3867
3868
3870
3871
3874
3875
3880
3883
3885
3888
3891
3893
3894
3895
3896
3899
3901
3902
3903
3904
3905
3906
3908
3910
3911
3912
3914
3915
3916
3918
3922
3925
3926
3927
3928
3930
3931
3932
3934
3935
3937
3938
3939
3940
3941
3943
3946
3948
3949
3950
3951
3952
3953
3954
3955
3960
3962
3963
3965
3966
3968
3971
3972
3973
3974
3975
3978
3979
3980
3982
3983
3984
3985
3986
3987
3988
3990
3991
3992
3993
3994
3995
3998
3999
4000
4001
4004
4005
4007
4010
4012
4013
4014
4015
4016
4018
4020
4021
4023
4024
4027
4028
4030
4032
4036
4037
4040
4041
4042
4045
4047
4048
4049
4050
4051
4053
4054
4055
4056
4057
4058
4064
4065
4067
4070
4075
4079
4081
4084
4085
4087
4088
4090
4092
4093
4094
4095
4097
4098
4099
4100
4101
4102
4103
4105
4106
4107
4108
4110
4111
4112
4114
4115
4117
4119
4121
4122
4125
4127
4128
4129
4132
4134
4135
4139
4140
4144
4145
4146
4148
4150
4151
4153
4154
4156
4159
4161
4162
4164
4166
4167
4170
4173
4174
4175
4177
4181
4182
4186
4188
4189
4190
4191
4193
4194
4195
4196
4199
4201
4204
4205
4207
4208
4209
4211
4212
4213
4215
4217
4218
4219
4220
4224
4225
4226
4227
4228
4229
4230
4232
4233
4235
4236
4239
4241
4243
4245
4246
4247
4252
4253
4257
4258
4259
4261
4262
4263
4264
4265
4266
4271
4273
4274
4276
4277
4279
4280
4282
4284
4286
4287
4288
4289
4291
4294
4297
4298
4299
4301
4306
4309
4310
4311
4312
4313
4315
4316
4318
4319
4320
4322
4323
4324
4326
4329
4330
4333
4335
4336
4337
4338
4340
4341
4342
4344
4347
4348
4349
4350
4351
4361
4364
4365
4366
4367
4369
4370
4373
4375
4377
4378
4380
4384
4385
4386
4387
4389
4391
4393
4399
4400
4401
4404
4405
4409
4411
4412
4413
4414
4416
4418
4420
4423
4424
4426
4432
4433
4436
4437
4438
4445
4449
4450
4455
4459
4460
4461
4463
4464
4467
4470
4472
4474
4477
4478
4481
4482
4483
4485
4486
4488
4494
4495
4499
4500
4501
4502
4504
4506
4508
4512
4514
4515
4516
4517
4518
4524
4525
4526
4527
4529
4531
4533
4536
4537
4538
4539
4541
4542
4543
4545
4546
4547
4550
4551
4552
4553
4554
4555
4556
4559
4561
4562
4567
4568
4569
4570
4571
4572
4573
4575
4576
4577
4578
4579
4581
4582
4583
4586
4587
4590
4592
4593
4596
4597
4598
4602
4604
4608
4609
4610
4611
4612
4614
4617
4618
4619
4620
4621
4625
4626
4628
4629
4632
4634
4635
4636
4638
4640
4642
4643
4644
4646
4647
4649
4650
4653
4655
4656
4659
4660
4662
4663
4664
4666
4673
4674
4676
4677
4679
4681
4683
4684
4685
4687
4688
4689
4690
4692
4694
4698
4699
4700
4701
4703
4706
4707
4708
4710
4711
4713
4714
4716
4720
4722
4723
4724
4725
4726
4727
4728
4729
4731
4733
4734
4735
4737
4739
4740
4743
4745
4746
4747
4748
4749
4750
4751
4752
4753
4754
4756
4758
4761
4762
4763
4764
4766
4770
4772
4774
4775
4776
4777
4780
4782
4783
4785
4787
4788
4790
4791
4792
4795
4797
4799
4800
4805
4807
4809
4810
4811
4813
4814
4815
4816
4817
4820
4822
4825
4827
4828
4832
4835
4837
4839
4841
4842
4843
4845
4846
4847
4848
4849
4850
4851
4854
4855
4856
4857
4858
4859
4862
4863
4865
4867
4868
4869
4871
4874
4875
4878
4880
4883
4885
4886
4887
4891
4893
4894
4896
4897
4898
4901
4902
4904
4905
4906
4908
4909
4911
4912
4915
4916
4918
4919
4920
4922
4923
4924
4931
4932
4936
4937
4940
4941
4942
4947
4948
4949
4951
4952
4953
4957
4961
4962
4965
4968
4971
4972
4973
4974
4975
4978
4983
4984
4985
4993
4994
4995
4997
5000
5001
5003
5004
5005
5006
5013
5015
5017
5019
5020
5021
5022
5023
5025
5026
5027
5029
5030
5035
5037
5038
5039
5040
5041
5043
5044
5045
5048
5049
5051
5052
5053
5057
5059
5060
5061
5063
5064
5065
5068
5071
5073
5074
5077
5080
5081
5082
5083
5085
5086
5090
5095
5096
5097
5099
5100
5102
5103
5106
5107
5108
5110
5114
5117
5118
5120
5121
5122
5125
5126
5130
5131
5134
5137
5138
5142
5143
5144
5146
5150
5151
5152
5153
5155
5156
5159
5161
5162
5164
5167
5168
5170
5172
5173
5174
5176
5177
5178
5180
5181
5182
5184
5185
5187
5189
5190
5191
5192
5194
5196
5198
5199
5200
5203
5206
5209
5210
5211
5215
5216
5219
5220
5221
5223
5225
5226
5228
5229
5233
5235
5237
5239
5244
5245
5246
5247
5248
5249
5250
5251
5252
5254
5255
5256
5257
5258
5259
5260
5262
5266
5269
5270
5271
5272
5273
5275
5276
5277
5279
5283
5284
5285
5287
5288
5289
5290
5292
5295
5296
5297
5299
5301
5302
5305
5307
5311
5312
5313
5316
5317
5318
5321
5322
5323
5324
5325
5326
5327
5328
5331
5332
5333
5335
5336
5339
5343
5345
5347
5351
5352
5353
5355
5358
5359
5360
5361
5362
5363
5364
5366
5367
5368
5370
5374
5376
5377
5380
5381
5382
5383
5385
5386
5392
5395
5397
5398
5400
5401
5402
5403
5404
5411
5412
5416
5419
5428
5429
5430
5433
5434
5435
5436
5437
5438
5439
5440
5442
5444
5446
5447
5448
5449
5450
5453
5455
5458
5461
5462
5464
5465
5466
5468
5470
5471
5472
5474
5479
5481
5482
5483
5484
5485
5486
5487
5488
5489
5491
5492
5494
5495
5502
5503
5504
5505
5506
5507
5509
5510
5516
5517
5518
5519
5523
5525
5526
5527
5530
5533
5536
5537
5539
5540
5542
5547
5554
5556
5559
5563
5566
5567
5568
5570
5571
5572
5573
5576
5577
5578
5582
5583
5584
5586
5587
5589
5592
5594
5596
5599
5601
5602
5604
5605
5606
5609
5610
5611
5613
5614
5615
5616
5618
5621
5624
5629
5630
5631
5632
5633
5635
5636
5639
5640
5641
5644
5645
5646
5647
5648
5649
5651
5652
5653
5654
5656
5657
5658
5659
5661
5662
5664
5665
5667
5668
5670
5672
5675
5679
5680
5682
5684
5688
5689
5691
5692
5693
5694
5697
5698
5700
5701
5704
5705
5706
5707
5709
5710
5712
5713
5714
5719
5720
5721
5722
5723
5725
5727
5729
5730
5733
5735
5736
5737
5740
5741
5743
5746
5748
5749
5751
5752
5753
5754
5755
5757
5758
5760
5762
5763
5764
5765
5766
5767
5768
5769
5770
5773
5774
5775
5776
5777
5778
5779
5780
5782
5784
5787
5790
5791
5793
5795
5798
5799
5801
5802
5803
5804
5806
5809
5813
5816
5818
5820
5821
5823
5826
5827
5828
5831
5832
5833
5835
5838
5839
5840
5841
5843
5844
5845
5846
5847
5848
5851
5853
5855
5858
5860
5861
5862
5865
5866
5868
5870
5873
5874
5875
5876
5878
5879
5881
5882
5884
5885
5887
5890
5893
5895
5896
5898
5900
5901
5902
5903
5904
5905
5906
5909
5910
5913
5914
5915
5916
5917
5918
5920
5924
5925
5926
5927
5929
5932
5933
5934
5936
5939
5940
5941
5942
5943
5947
5948
5949
5950
5954
5955
5956
5957
5958
5960
5961
5962
5969
5970
5972
5974
5975
5976
5978
5979
5981
5982
5983
5986
5988
5989
5990
5991
5992
5996
5997
5999
6000
6001
6003
6005
6007
6008
6009
6010
6011
6012
6013
6014
6015
6018
6019
6021
6022
6023
6024
6025
6026
6027
6028
6029
6033
6035
6036
6038
6041
6044
6045
6046
6047
6048
6053
6055
6058
6059
6060
6062
6063
6065
6066
6067
6071
6075
6076
6077
6078
6080
6082
6085
6086
6088
6089
6091
6093
6094
6095
6096
6098
6099
6101
6103
6104
6105
6106
6107
6109
6110
6113
6119
6121
6122
6123
6125
6127
6128
6130
6131
6132
6138
6139
6143
6145
6147
6149
6150
6151
6152
6153
6154
6155
6156
6158
6159
6160
6161
6162
6163
6170
6171
6173
6178
6179
6181
6182
6187
6189
6190
6191
6192
6195
6196
6197
6199
6200
6202
6203
6206
6207
6208
6211
6212
6214
6215
6218
6219
6220
6222
6226
6227
6229
6230
6231
6232
6237
6240
6241
6242
6243
6244
6246
6247
6248
6250
6253
6254
6255
6256
6259
6260
6261
6263
6264
6265
6266
6268
6270
6274
6275
6276
6277
6278
6279
6280
6281
6285
6289
6290
6292
6293
6295
6296
6297
6299
6304
6305
6307
6308
6309
6310
6313
6315
6317
6318
6319
6320
6323
6324
6326
6331
6332
6333
6334
6335
6339
6340
6342
6343
6346
6348
6349
6350
6352
6354
6359
6360
6361
6364
6366
6367
6368
6369
6370
6374
6378
6379
6381
6382
6384
6386
6388
6389
6390
6392
6393
6394
6395
6396
6397
6398
6400
6401
6402
6405
6406
6407
6409
6410
6413
6414
6416
6419
6423
6425
6426
6427
6429
6430
6431
6432
6433
6435
6437
6441
6442
6443
6444
6445
6446
6447
6448
6449
6450
6453
6454
6455
6456
6457
6462
6463
6464
6465
6468
6469
6470
6471
6472
6473
6475
6476
6477
6478
6479
6481
6483
6485
6487
6488
6489
6490
6492
6494
6495
6496
6498
6500
6501
6502
6503
6505
6506
6508
6510
6511
6513
6514
6515
6517
6518
6519
6520
6522
6523
6524
6525
6527
6528
6530
6537
6538
6539
6540
6542
6545
6547
6551
6552
6553
6554
6557
6558
6560
6561
6562
6564
6566
6567
6568
6570
6571
6572
6575
6578
6579
6580
6581
6582
6585
6587
6589
6590
6591
6593
6594
6595
6596
6597
6599
6600
6602
6605
6606
6611
6613
6614
6615
6619
6620
6621
6623
6624
6629
6632
6633
6635
6636
6637
6639
6641
6642
6643
6644
6646
6648
6649
6653
6654
6655
6657
6660
6661
6662
6664
6665
6666
6667
6668
6672
6673
6674
6676
6677
6678
6680
6681
6683
6684
6685
6688
6689
6690
6691
6694
6695
6697
6703
6704
6705
6706
6710
6712
6713
6714
6716
6718
6719
6720
6721
6725
6728
6730
6731
6732
6733
6734
6738
6740
6741
6742
6743
6744
6745
6748
6749
6750
6752
6753
6755
6758
6762
6764
6766
6768
6769
6770
6772
6773
6774
6776
6778
6779
6781
6782
6783
6784
6785
6786
6787
6788
6789
6790
6791
6794
6795
6797
6798
6799
6800
6801
6802
6803
6804
6806
6807
6809
6810
6813
6815
6817
6818
6821
6822
6823
6824
6828
6830
6831
6833
6836
6837
6839
6842
6844
6845
6847
6848
6850
6852
6855
6857
6858
6861
6864
6865
6869
6870
6871
6872
6875
6876
6877
6879
6880
6883
6884
6885
6889
6890
6892
6893
6894
6896
6898
6899
6900
6901
6902
6904
6905
6907
6908
6910
6911
6912
6914
6915
6916
6918
6921
6923
6924
6925
6926
6927
6928
6930
6931
6932
6933
6934
6935
6936
6937
6940
6941
6942
6943
6944
6946
6947
6948
6949
6950
6953
6954
6955
6960
6961
6965
6966
6967
6968
6970
6971
6972
6973
6975
6976
6977
6978
6980
6982
6983
6984
6985
6986
6987
6989
6991
6993
6994
6997
6998
7000
7001
7003
7004
7005
7007
7009
7010
7011
7012
7013
7015
7016
7017
7019
7020
7021
7022
7025
7026
7027
7028
7031
7033
7034
7035
7036
7038
7040
7041
7042
7043
7044
7045
7046
7048
7049
7050
7051
7052
7053
7054
7055
7057
7062
7065
7066
7067
7070
7071
7073
7075
7076
7077
7079
7080
7082
7084
7085
7086
7087
7090
7091
7092
7094
7096
7097
7099
7101
7102
7103
7104
7105
7111
7112
7115
7119
7122
7125
7126
7129
7130
7136
7139
7140
7141
7142
7143
7144
7145
7146
7148
7149
7151
7152
7153
7156
7157
7158
7159
7161
7162
7164
7166
7167
7170
7171
7172
7176
7177
7178
7179
7182
7184
7186
7188
7194
7195
7196
7197
7198
7199
7200
7201
7205
7208
7214
7217
7221
7224
7225
7227
7228
7231
7232
7235
7238
7239
7240
7241
7242
7244
7245
7248
7250
7252
7253
7254
7255
7257
7258
7261
7262
7266
7267
7268
7269
7270
7271
7273
7274
7275
7278
7279
7283
7285
7286
7287
7288
7289
7290
7291
7292
7293
7296
7297
7299
7301
7302
7304
7305
7307
7309
7310
7313
7314
7315
7320
7322
7323
7326
7330
7331
7333
7336
7337
7338
7339
7341
7342
7343
7344
7347
7350
7351
7353
7354
7355
7356
7357
7358
7359
7361
7362
7363
7364
7367
7368
7369
7371
7372
7374
7375
7376
7377
7378
7380
7381
7383
7384
7385
7387
7389
7392
7393
7394
7395
7396
7398
7399
7401
7402
7404
7405
7406
7407
7409
7410
7411
7413
7414
7416
7419
7420
7421
7424
7426
7429
7431
7434
7435
7436
7437
7440
7441
7443
7444
7446
7447
7448
7449
7450
7452
7455
7457
7458
7459
7461
7462
7464
7465
7466
7467
7470
7473
7475
7477
7478
7479
7480
7481
7486
7487
7490
7491
7495
7497
7499
7500
7502
7504
7506
7507
7508
7510
7512
7513
7515
7516
7517
7518
7519
7521
7522
7523
7524
7527
7529
7530
7533
7534
7535
7538
7539
7540
7541
7543
7545
7546
7547
7549
7552
7558
7559
7560
7562
7564
7565
7567
7568
7569
7575
7577
7578
7580
7581
7583
7584
7585
7594
7598
7599
7600
7601
7602
7605
7610
7612
7614
7615
7618
7619
7620
7621
7622
7623
7624
7625
7628
7629
7630
7634
7635
7636
7638
7639
7640
7641
7643
7647
7648
7650
7653
7655
7656
7659
7660
7662
7667
7671
7675
7676
7678
7679
7680
7681
7685
7686
7687
7691
7692
7694
7695
7699
7700
7702
7705
7708
7709
7710
7711
7712
7715
7718
7719
7720
7721
7723
7726
7732
7736
7737
7738
7739
7741
7742
7744
7745
7746
7748
7749
7750
7751
7752
7753
7754
7755
7761
7763
7764
7765
7766
7769
7770
7771
7772
7775
7777
7778
7781
7782
7784
7785
7786
7787
7788
7791
7794
7796
7797
7800
7802
7804
7805
7807
7809
7810
7813
7817
7819
7822
7823
7824
7825
7827
7828
7830
7831
7833
7835
7836
7837
7845
7847
7848
7849
7851
7853
7854
7855
7858
7859
7863
7864
7865
7866
7867
7870
7871
7873
7881
7882
7885
7888
7889
7890
7891
7892
7903
7905
7906
7907
7909
7910
7911
7912
7913
7914
7915
7916
7917
7921
7922
7924
7925
7926
7928
7929
7931
7932
7933
7934
7935
7936
7937
7940
7942
7945
7946
7949
7951
7956
7958
7960
7964
7965
7967
7968
7969
7970
7971
7972
7973
7974
7975
7976
7982
7983
7984
7986
7988
7992
7993
7994
7995
7996
7998
8001
8002
8003
8004
8005
8007
8009
8010
8012
8013
8014
8017
8018
8019
8021
8022
8023
8024
8027
8028
8029
8032
8033
8034
8035
8036
8037
8039
8041
8042
8043
8044
8045
8047
8048
8049
8050
8051
8052
8054
8055
8056
8057
8059
8062
8063
8064
8065
8068
8071
8073
8076
8077
8078
8083
8084
8085
8087
8088
8089
8090
8092
8093
8094
8095
8099
8100
8101
8102
8103
8104
8105
8107
8108
8109
8111
8112
8115
8118
8119
8121
8123
8125
8128
8131
8133
8134
8136
8137
8139
8141
8142
8145
8146
8147
8148
8149
8151
8152
8153
8155
8156
8159
8160
8162
8168
8169
8170
8171
8172
8175
8176
8178
8180
8188
8189
8190
8191
8192
8193
8195
8198
8199
8201
8202
8204
8205
8207
8208
8209
8212
8213
8214
8215
8216
8217
8218
8219
8222
8223
8224
8225
8226
8227
8228
8229
8232
8233
8234
8235
8236
8237
8239
8240
8242
8243
8244
8245
8248
8249
8252
8254
8256
8257
8259
8263
8264
8266
8267
8268
8271
8272
8273
8274
8276
8277
8278
8282
8283
8285
8287
8288
8289
8291
8293
8297
8299
8300
8302
8303
8305
8306
8307
8308
8309
8311
8312
8313
8314
8317
8320
8322
8324
8325
8326
8327
8328
8329
8330
8331
8332
8333
8335
8341
8342
8345
8346
8347
8348
8349
8351
8352
8353
8355
8356
8357
8360
8364
8365
8366
8367
8368
8369
8371
8372
8377
8380
8383
8385
8387
8390
8394
8396
8398
8399
8400
8401
8402
8403
8405
8406
8408
8409
8411
8413
8416
8417
8419
8421
8422
8424
8425
8429
8432
8433
8435
8436
8437
8438
8441
8442
8444
8445
8447
8449
8450
8451
8452
8455
8458
8460
8461
8468
8470
8473
8475
8476
8478
8479
8480
8481
8486
8487
8488
8490
8491
8494
8498
8500
8501
8502
8503
8506
8507
8511
8512
8513
8516
8517
8518
8521
8523
8525
8526
8527
8528
8530
8534
8535
8536
8537
8539
8541
8542
8543
8545
8546
8547
8550
8551
8553
8554
8555
8556
8557
8559
8561
8562
8563
8565
8567
8569
8570
8571
8572
8573
8575
8576
8577
8578
8581
8582
8583
8584
8586
8588
8589
8592
8594
8595
8596
8597
8598
8599
8601
8602
8604
8607
8610
8611
8613
8614
8616
8617
8618
8619
8621
8623
8624
8628
8629
8631
8633
8634
8637
8638
8640
8641
8642
8643
8646
8647
8651
8652
8653
8654
8655
8657
8658
8659
8662
8663
8664
8665
8669
8671
8673
8675
8676
8679
8680
8681
8682
8685
8686
8687
8689
8692
8693
8695
8696
8697
8699
8700
8701
8702
8704
8705
8706
8707
8708
8710
8711
8712
8713
8715
8718
8721
8724
8725
8726
8728
8732
8733
8734
8735
8737
8738
8739
8742
8744
8747
8749
8750
8753
8754
8756
8757
8758
8759
8760
8761
8762
8763
8764
8765
8766
8767
8768
8769
8772
8773
8774
8777
8779
8783
8785
8786
8787
8789
8790
8792
8793
8795
8796
8797
8799
8802
8807
8810
8811
8813
8814
8815
8816
8817
8819
8820
8823
8826
8827
8830
8832
8834
8835
8836
8838
8839
8840
8842
8843
8844
8845
8849
8850
8852
8854
8855
8856
8858
8860
8861
8864
8866
8867
8869
8871
8875
8876
8877
8878
8879
8880
8881
8882
8883
8884
8885
8888
8890
8891
8892
8893
8895
8898
8899
8900
8902
8903
8905
8906
8907
8909
8910
8912
8913
8917
8919
8920
8921
8922
8926
8927
8928
8929
8930
8932
8933
8934
8936
8937
8938
8941
8943
8946
8952
8954
8955
8958
8960
8962
8967
8969
8970
8971
8972
8973
8974
8976
8977
8978
8981
8982
8983
8984
8986
8988
8993
8994
8997
8998
8999
9000
9003
9005
9009
9010
9011
9012
9013
9016
9018
9020
9021
9022
9023
9024
9025
9026
9029
9030
9031
9037
9038
9043
9045
9046
9049
9051
9052
9054
9056
9058
9062
9063
9065
9067
9070
9071
9072
9073
9076
9078
9080
9081
9084
9088
9089
9090
9094
9097
9098
9100
9101
9104
9105
9109
9110
9111
9112
9117
9118
9119
9123
9124
9125
9126
9127
9128
9129
9130
9131
9132
9133
9134
9135
9138
9140
9141
9143
9146
9147
9149
9150
9152
9153
9154
9155
9157
9159
9160
9161
9162
9163
9164
9165
9168
9169
9170
9171
9172
9174
9175
9177
9178
9179
9181
9182
9184
9185
9186
9187
9188
9189
9190
9192
9193
9194
9195
9196
9197
9198
9199
9202
9203
9205
9206
9208
9209
9210
9215
9221
9222
9223
9224
9227
9229
9230
9231
9232
9233
9234
9237
9239
9240
9241
9242
9243
9244
9246
9247
9250
9251
9252
9254
9259
9260
9261
9262
9263
9268
9271
9273
9274
9275
9277
9278
9280
9284
9286
9287
9288
9289
9290
9291
9292
9293
9294
9295
9296
9298
9300
9301
9302
9303
9305
9306
9307
9310
9312
9313
9315
9316
9319
9320
9322
9323
9329
9331
9332
9336
9337
9338
9339
9340
9344
9347
9348
9349
9350
9351
9352
9353
9354
9355
9356
9357
9359
9360
9361
9363
9364
9365
9366
9367
9369
9370
9371
9372
9373
9376
9377
9380
9382
9383
9385
9386
9387
9388
9391
9392
9393
9396
9397
9399
9401
9402
9403
9404
9405
9406
9407
9408
9409
9410
9411
9419
9422
9423
9426
9427
9428
9429
9430
9432
9433
9434
9435
9436
9438
9440
9441
9443
9445
9447
9449
9450
9452
9454
9456
9457
9458
9459
9461
9463
9464
9465
9466
9469
9472
9475
9476
9477
9480
9482
9483
9484
9485
9487
9488
9491
9492
9494
9495
9496
9497
9501
9502
9504
9505
9508
9509
9510
9511
9512
9513
9517
9518
9519
9520
9523
9525
9526
9527
9528
9529
9530
9532
9535
9537
9538
9539
9540
9542
9544
9545
9546
9549
9550
9555
9557
9559
9560
9562
9564
9565
9568
9570
9571
9575
9576
9577
9581
9582
9585
9586
9587
9588
9590
9591
9592
9593
9594
9597
9598
9600
9601
9602
9603
9604
9606
9607
9608
9612
9613
9615
9619
9620
9622
9623
9629
9630
9632
9637
9641
9642
9643
9647
9649
9650
9652
9653
9654
9655
9656
9657
9659
9660
9661
9662
9666
9667
9668
9670
9671
9672
9674
9677
9681
9683
9684
9687
9690
9691
9693
9694
9695
9696
9698
9699
9701
9704
9706
9708
9714
9716
9717
9718
9721
9727
9728
9729
9731
9732
9733
9736
9737
9742
9743
9744
9746
9748
9749
9750
9751
9752
9754
9756
9758
9759
9763
9764
9765
9767
9768
9773
9775
9776
9777
9779
9780
9781
9782
9783
9785
9787
9788
9790
9791
9794
9796
9797
9800
9802
9804
9805
9806
9809
9810
9811
9813
9814
9815
9816
9817
9818
9819
9820
9822
9823
9827
9829
9830
9831
9833
9835
9836
9838
9839
9840
9841
9844
9845
9847
9848
9850
9853
9854
9858
9859
9861
9862
9863
9864
9865
9866
9869
9870
9871
9873
9875
9877
9878
9879
9883
9884
9887
9889
9891
9892
9894
9895
9896
9897
9898
9900
9903
9904
9905
9906
9907
9908
9910
9911
9912
9913
9914
9917
9918
9919
9920
9921
9922
9923
9925
9928
9929
9930
9931
9932
9939
9944
9947
9948
9949
9950
9951
9953
9958
9959
9960
9961
9965
9969
9970
9971
9972
9973
9975
9976
9977
9978
9980
9981
9982
9983
9984
9986
9989
9990
9991
9993
9995
10000
10001
10002
10003
10009
10010
10014
10017
10021
10022
10025
10026
10027
10028
10030
10031
10033
10035
10037
10038
10040
10042
10043
10044
10045
10047
10048
10050
10052
10054
10055
10056
10057
10058
10059
10060
10061
10062
10066
10069
10070
10072
10074
10075
10076
10078
10079
10080
10082
10083
10084
10087
10090
10094
10095
10096
10098
10101
10106
10107
10108
10109
10114
10116
10117
10118
10120
10121
10122
10123
10124
10125
10126
10128
10129
10130
10131
10132
10133
10135
10136
10138
10141
10142
10144
10145
10146
10150
10152
10155
10156
10158
10161
10163
10164
10165
10166
10167
10168
10169
10171
10172
10174
10176
10178
10179
10180
10182
10183
10184
10185
10186
10189
10193
10196
10197
10199
10201
10203
10205
10211
10212
10215
10216
10217
10218
10220
10221
10225
10226
10229
10230
10231
10233
10234
10235
10238
10240
10241
10242
10243
10244
10245
10246
10247
10250
10254
10256
10257
10259
10260
10261
10262
10263
10265
10266
10267
10268
10269
10270
10273
10280
10281
10282
10284
10286
10288
10290
10291
10292
10293
10295
10297
10299
10300
10301
10306
10308
10310
10314
10318
10322
10324
10326
10328
10329
10331
10332
10334
10335
10336
10340
10342
10343
10344
10346
10347
10348
10350
10354
10356
10357
10358
10359
10360
10361
10365
10366
10369
10372
10373
10374
10377
10378
10385
10389
10392
10393
10395
10397
10402
10404
10406
10407
10408
10409
10410
10412
10413
10414
10416
10419
10421
10422
10424
10425
10426
10431
10433
10434
10435
10436
10439
10440
10443
10444
10448
10450
10452
10454
10457
10459
10463
10464
10466
10467
10468
10469
10474
10476
10477
10478
10482
10483
10485
10486
10487
10489
10491
10492
10494
10495
10496
10497
10498
10501
10502
10503
10505
10507
10509
10511
10514
10519
10522
10525
10526
10527
10530
10531
10533
10535
10537
10538
10543
10544
10545
10546
10548
10549
10550
10551
10554
10556
10558
10560
10561
10562
10563
10564
10567
10568
10569
10571
10573
10574
10575
10576
10578
10579
10581
10582
10584
10585
10587
10588
10589
10590
10595
10597
10598
10599
10602
10603
10604
10610
10611
10612
10613
10614
10615
10616
10618
10619
10621
10624
10625
10626
10627
10630
10631
10632
10633
10635
10636
10637
10640
10641
10643
10645
10646
10648
10649
10651
10653
10654
10655
10656
10657
10659
10661
10662
10664
10666
10668
10669
10671
10673
10676
10677
10678
10679
10680
10681
10682
10683
10685
10689
10693
10694
10696
10697
10698
10702
10706
10707
10709
10711
10714
10715
10718
10721
10722
10725
10726
10729
10730
10731
10733
10737
10739
10740
10742
10743
10745
10746
10748
10749
10750
10753
10754
10756
10757
10760
10761
10762
10764
10765
10766
10767
10768
10772
10778
10779
10780
10782
10786
10788
10790
10791
10793
10794
10795
10797
10802
10804
10810
10811
10812
10813
10814
10815
10818
10819
10820
10822
10824
10826
10827
10828
10830
10831
10832
10834
10836
10837
10838
10839
10840
10842
10843
10844
10846
10847
10848
10849
10850
10851
10853
10855
10857
10861
10863
10869
10871
10872
10873
10874
10877
10878
10879
10880
10881
10883
10885
10886
10888
10890
10891
10892
10893
10894
10895
10896
10897
10898
10900
10901
10902
10903
10904
10905
10906
10907
10908
10910
10912
10913
10915
10916
10917
10920
10922
10923
10925
10927
10928
10929
10930
10931
10932
10933
10935
10937
10938
10940
10941
10943
10945
10946
10952
10953
10957
10958
10960
10961
10963
10964
10966
10967
10969
10970
10974
10979
10981
10986
10988
10989
10994
10995
10996
10998
10999
11000
11001
11004
11005
11006
11007
11008
11009
11010
11013
11014
11015
11016
11017
11018
11019
11020
11023
11024
11030
11033
11034
11035
11036
11037
11041
11043
11049
11050
11053
11055
11056
11058
11060
11061
11062
11063
11066
11069
11071
11079
11081
11084
11086
11087
11088
11090
11091
11092
11094
11095
11097
11099
11101
11102
11103
11104
11105
11108
11109
11110
11112
11113
11117
11120
11121
11123
11124
11125
11126
11129
11130
11133
11134
11137
11138
11139
11140
11142
11143
11144
11145
11147
11149
11150
11152
11153
11156
11157
11159
11160
11163
11165
11166
11167
11168
11169
11172
11173
11174
11175
11178
11179
11180
11182
11184
11186
11190
11191
11193
11194
11197
11198
11199
11203
11206
11208
11212
11214
11215
11216
11218
11220
11222
11226
11228
11229
11230
11231
11232
11235
11236
11237
11239
11243
11244
11246
11248
11250
11252
11254
11255
11256
11258
11261
11263
11265
11267
11269
11271
11272
11273
11274
11278
11279
11280
11281
11283
11284
11285
11286
11288
11290
11291
11292
11293
11296
11298
11301
11302
11303
11304
11307
11308
11309
11310
11311
11312
11314
11315
11317
11318
11319
11322
11325
11329
11330
11332
11333
11335
11336
11340
11341
11343
11346
11347
11349
11350
11351
11352
11353
11357
11359
11360
11361
11364
11366
11368
11369
11370
11371
11372
11375
11376
11377
11378
11379
11380
11383
11386
11388
11391
11393
11394
11395
11398
11399
11400
11401
11402
11403
11409
11410
11411
11413
11415
11417
11421
11423
11424
11431
11432
11433
11435
11437
11440
11442
11443
11445
11446
11447
11448
11449
11450
11451
11452
11453
11457
11458
11460
11462
11463
11464
11465
11467
11468
11470
11471
11475
11476
11477
11478
11479
11481
11482
11485
11486
11489
11490
11493
11494
11496
11497
11498
11499
11501
11502
11503
11506
11507
11508
11509
11510
11511
11512
11513
11514
11516
11517
11518
11519
11520
11523
11526
11527
11528
11529
11530
11531
11533
11534
11535
11536
11538
11539
11540
11541
11543
11544
11545
11546
11553
11554
11555
11556
11559
11560
11562
11563
11564
11565
11566
11569
11571
11572
11575
11576
11577
11578
11580
11581
11582
11583
11584
11585
11586
11587
11589
11591
11592
11593
11596
11597
11600
11602
11603
11604
11605
11606
11607
11608
11609
11610
11611
11612
11613
11614
11615
11616
11619
11621
11626
11627
11633
11635
11636
11637
11638
11640
11641
11642
11644
11645
11647
11648
11649
11650
11652
11653
11657
11659
11662
11663
11664
11670
11671
11672
11673
11678
11679
11681
11682
11684
11686
11687
11688
11689
11690
11691
11699
11700
11701
11705
11709
11710
11716
11718
11719
11720
11722
11726
11727
11728
11730
11731
11732
11734
11736
11737
11741
11742
11746
11747
11749
11753
11754
11757
11759
11760
11764
11766
11767
11769
11770
11771
11772
11773
11774
11775
11776
11778
11781
11782
11783
11784
11785
11786
11787
11788
11791
11792
11793
11795
11798
11800
11801
11802
11803
11808
11811
11814
11816
11819
11820
11821
11823
11825
11826
11827
11828
11830
11831
11832
11834
11835
11836
11839
11840
11842
11843
11844
11845
11848
11849
11853
11854
11855
11856
11857
11858
11860
11863
11864
11866
11867
11870
11871
11872
11873
11875
11876
11878
11879
11881
11886
11887
11888
11891
11892
11893
11894
11895
11898
11900
11901
11902
11904
11909
11910
11911
11913
11914
11915
11917
11918
11919
11920
11921
11922
11923
11924
11926
11927
11928
11930
11932
11935
11936
11937
11940
11943
11945
11947
11948
11949
11950
11951
11952
11956
11960
11962
11963
11964
11966
11967
11968
11969
11971
11972
11975
11977
11980
11982
11983
11987
11989
11990
11991
11992
11993
11994
11995
11996
11997
11998
11999
12001
12002
12003
12005
12008
12009
12011
12013
12014
12016
12017
12020
12021
12023
12024
12026
12027
12029
12031
12033
12036
12037
12039
12040
12041
12042
12043
12046
12047
12049
12051
12052
12053
12054
12057
12059
12060
12061
12062
12064
12065
12066
12070
12072
12074
12080
12082
12083
12087
12088
12089
12090
12098
12099
12100
12102
12103
12106
12110
12111
12113
12115
12116
12118
12119
12120
12122
12123
12125
12126
12128
12129
12130
12132
12135
12136
12140
12147
12150
12151
12153
12154
12155
12157
12160
12162
12164
12166
12167
12168
12170
12173
12174
12175
12176
12177
12178
12180
12182
12183
12185
12188
12190
12191
12192
12195
12199
12200
12206
12208
12209
12210
12211
12212
12214
12215
12220
12221
12224
12225
12228
12229
12231
12233
12234
12235
12239
12241
12242
12246
12247
12248
12249
12250
12251
12253
12254
12257
12259
12265
12266
12270
12271
12273
12274
12275
12276
12277
12278
12279
12282
12283
12284
12285
12288
12289
12291
12293
12294
12295
12297
12298
12299
12302
12303
12306
12307
12310
12312
12313
12317
12319
12321
12323
12327
12333
12334
12335
12337
12338
12339
12341
12342
12344
12346
12347
12349
12350
12351
12354
12357
12358
12359
12361
12364
12366
12368
12371
12374
12375
12376
12377
12378
12380
12381
12383
12385
12386
12389
12391
12393
12394
12395
12398
12400
12401
12405
12406
12407
12408
12409
12410
12412
12415
12418
12419
12420
12421
12423
12424
12425
12427
12428
12429
12431
12437
12440
12442
12446
12450
12451
12452
12454
12455
12456
12457
12458
12460
12462
12463
12465
12471
12472
12473
12474
12476
12477
12478
12479
12481
12482
12484
12486
12488
12489
12490
12492
12494
12495
12496
12497
12499
12500
12501
12502
12504
12505
12506
12508
12509
12511
12513
12518
12519
12522
12523
12524
12525
12526
12528
12531
12532
12533
12534
12536
12538
12539
12540
12541
12542
12544
12545
12546
12547
12548
12550
12554
12557
12559
12561
12562
12563
12565
12566
12570
12571
12574
12575
12576
12577
12578
12579
12580
12581
12582
12583
12586
12588
12590
12591
12592
12593
12594
12600
12601
12603
12604
12605
12607
12608
12609
12611
12612
12614
12615
12618
12622
12623
12626
12628
12629
12630
12631
12632
12634
12636
12639
12641
12642
12644
12645
12650
12651
12652
12653
12656
12657
12660
12661
12662
12664
12665
12667
12668
12669
12670
12672
12674
12675
12676
12677
12678
12680
12683
12684
12687
12688
12689
12690
12693
12694
12696
12700
12701
12703
12705
12706
12707
12708
12710
12711
12712
12718
12719
12721
12723
12724
12725
12726
12728
12731
12733
12734
12736
12739
12740
12742
12743
12746
12747
12749
12750
12751
12753
12754
12755
12757
12759
12760
12764
12765
12766
12767
12768
12772
12774
12778
12781
12782
12783
12784
12785
12786
12792
12793
12794
12795
12797
12798
12799
12802
12808
12812
12818
12820
12823
12826
12828
12829
12838
12839
12841
12844
12848
12850
12851
12852
12853
12861
12862
12864
12865
12866
12867
12868
12869
12871
12872
12873
12874
12880
12885
12888
12889
12891
12892
12893
12894
12895
12901
12902
12903
12904
12908
12913
12916
12921
12923
12927
12929
12934
12935
12937
12949
12951
12952
12954
12955
12956
12959
12960
12964
12965
12968
12970
12973
12974
12979
12980
12985
12986
12987
12989
12991
12994
12995
12997
12998
13000
13003
13005
13006
13008
13010
13012
13013
13015
13022
13025
13026
13027
13028
13030
13035
13036
13038
13052
13054
13055
13058
13062
13064
13071
13072
13075
13082
13083
13088
13104
13110
13112
13125
13130
13132
13136
13138
13140
13142
13146
13149
13151
13155
13156
13157
13163
13165
13171
13172
13173
13175
13179
13191
13197
13200
13203
13204
13207
13208
13212
13214
13217
13219
13221
13226
13227
13232
13233
13234
13235
13236
13251
13252
13255
13269
13271
13273
13276
13277
13281
13286
13293
13294
13295
13299
13302
13306
13312
13316
13324
13330
13332
13338
13347
13355
13362
13363
13366
13367
13372
13373
13377
13384
13386
13389
13393
13394
13395
13397
13398
13399
13400
13402
13406
13407
13408
13411
13413
13414
13418
13425
13426
13429
13434
13437
13441
13442
13445
13446
13447
13452
13453
13455
13457
13458
13462
13465
13469
13473
13475
13477
13482
13483
13485
13489
13495
13498
13499
13503
13504
13509
13511
13512
13513
13517
13518
13522
13523
13524
13525
13529
13530
13532
13538
13541
13542
13543
13544
13548
13553
13554
13556
13582
13584
13588
13600
13605
13606
13608
13609
13610
13612
13614
13616
13617
13619
13621
13625
13629
13631
13633
13637
13645
13646
13647
13649
13650
13651
13654
13657
13658
13659
13660
13661
13663
13666
13669
13670
13672
13675
13676
13677
13680
13681
13683
13690
13692
13693
13694
13698
13703
13705
13709
13711
13713
13724
13732
13734
13736
13739
13741
13744
13745
13746
13747
13754
13760
13761
13762
13773
13774
13777
13778
13781
13785
13786
13790
13791
13793
13794
13797
13806
13807
13815
13817
13820
13821
13822
13824
13826
13828
13834
13839
13842
13843
13844
13853
13854
13855
13856
13857
13864
13866
13867
13868
13871
13872
13875
13876
13882
13885
13887
13891
13893
13895
13898
13904
13908
13914
13915
13917
13918
13922
13924
13925
13927
13931
13934
13937
13938
13939
13940
13941
13942
13943
13947
13954
13956
13957
13968
13969
13970
13971
13977
13982
13986
13999
14002
14003
14004
14011
14014
14015
14019
14023
14025
14026
14028
14030
14032
14033
14038
14045
14046
14047
14048
14051
14054
14060
14061
14062
14063
14064
14065
14070
14072
14080
14083
14084
14085
14097
14099
14100
14105
14107
14111
14113
14114
14117
14121
14124
14129
14137
14139
14142
14146
14147
14149
14155
14157
14161
14163
14164
14165
14170
14177
14178
14182
14184
14186
14190
14191
14197
14198
14202
14204
14205
14212
14222
14223
14226
14228
14230
14232
14239
14243
14245
14246
14248
14257
14258
14259
14264
14272
14273
14274
14275
14277
14280
14285
14290
14295
14299
14301
14302
14303
14306
14309
14313
14314
14316
14318
14319
14321
14324
14326
14328
14330
14334
14335
14336
14342
14344
14346
14347
14350
14351
14355
14357
14366
14368
14374
14377
14378
14384
14391
14394
14410
14418
14422
14428
14429
14431
14435
14439
14440
14443
14450
14452
14453
14455
14457
14458
14461
14463
14464
14467
14470
14472
14474
14477
14480
14484
14485
14486
14487
14488
14489
14495
14500
14502
14508
14509
14512
14513
14514
14524
14526
14527
14531
14533
14535
14536
14538
14539
14540
14541
14542
14543
14546
14550
14551
14555
14557
14559
14560
14562
14567
14570
14573
14575
14576
14579
14580
14582
14584
14593
14597
14601
14602
14605
14606
14607
14608
14609
14610
14615
14623
14626
14627
14629
14632
14636
14639
14640
14641
14642
14646
14648
14651
14654
14655
14656
14658
14661
14663
14667
14670
14671
14679
14681
14684
14687
14688
14689
14690
14696
14700
14704
14712
14715
14716
14718
14722
14725
14726
14733
14735
14736
14737
14742
14744
14749
14758
14759
14761
14762
14763
14764
14770
14773
14774
14777
14779
14781
14787
14794
14795
14799
14805
14807
14809
14811
14814
14816
14819
14820
14821
14825
14827
14830
14831
14832
14833
14849
14851
14852
14861
14864
14866
14868
14873
14878
14882
14887
14890
14893
14898
14901
14902
14903
14907
14908
14911
14912
14919
14920
14922
14923
14924
14926
14930
14933
14934
14935
14936
14937
14942
14946
14947
14949
14950
14951
14955
14957
14958
14959
14965
14969
14970
14975
14976
14977
14980
14983
14986
14987
14993
14994
14995
14997
15006
15007
15008
15009
15012
15013
15016
15019
15025
15028
15030
15032
15045
15046
15049
15051
15056
15063
15065
15066
15073
15075
15078
15079
15080
15086
15087
15089
15093
15094
15097
15101
15106
15110
15121
15122
15123
15125
15127
15131
15133
15138
15141
15142
15145
15146
15149
15151
15154
15155
15158
15159
15160
15161
15163
15166
15168
15171
15174
15176
15178
15180
15186
15187
15189
15191
15192
15198
15200
15202
15203
15205
15206
15208
15211
15213
15220
15231
15233
15236
15240
15241
15243
15244
15246
15247
15251
15253
15256
15257
15258
15261
15269
15270
15272
15273
15276
15280
15284
15287
15288
15289
15295
15297
15302
15303
15309
15310
15313
15315
15316
15318
15320
15321
15322
15324
15325
15326
15328
15329
15332
15334
15337
15338
15340
15341
15344
15346
15348
15353
15354
15355
15358
15359
15361
15362
15363
15366
15367
15371
15375
15378
15381
15382
15383
15384
15388
15390
15393
15395
15398
15400
15409
15419
15428
15429
15431
15433
15436
15439
15442
15443
15444
15445
15449
15452
15453
15455
15461
15462
15463
15466
15468
15469
15470
15471
15474
15476
15478
15483
15484
15486
15487
15492
15498
15499
15500
15502
15503
15504
15506
15507
15508
15511
15512
15513
15514
15520
15521
15524
15527
15532
15534
15535
15537
15538
15540
15544
15550
15552
15555
15561
15562
15572
15581
15583
15584
15586
15587
15588
15590
15592
15593
15595
15599
15600
15603
15607
15611
15612
15616
15620
15621
15625
15627
15633
15638
15640
15642
15643
15646
15650
15652
15655
15657
15659
15661
15665
15667
15674
15675
15676
15677
15679
15682
15683
15688
15689
15692
15693
15695
15697
15698
15700
15701
15703
15708
15709
15710
15712
15713
15717
15718
15719
15724
15726
15730
15731
15734
15735
15736
15738
15739
15740
15741
15743
15744
15746
15752
15753
15755
15756
15758
15767
15772
15773
15775
15783
15785
15787
15791
15792
15793
15798
15799
15802
15814
15818
15822
15823
15825
15826
15827
15828
15831
15832
15835
15836
15839
15840
15843
15845
15846
15849
15852
15855
15857
15858
15859
15860
15861
15869
15870
15875
15876
15880
15882
15884
15885
15886
15888
15889
15890
15893
15898
15902
15907
15908
15909
15910
15912
15918
15920
15923
15925
15926
15928
15932
15936
15937
15939
15943
15945
15946
15949
15951
15955
15956
15957
15958
15963
15967
15968
15969
15970
15971
15978
15981
15982
15986
15987
15988
15991
15992
15995
16000
16001
16004
16013
16014
16016
16020
16023
16025
16027
16032
16037
16038
16041
16049
16052
16053
16054
16056
16059
16062
16063
16064
16066
16067
16068
16069
16073
16075
16077
16078
16081
16087
16090
16095
16099
16101
16102
16107
16117
16121
16124
16127
16138
16141
16142
16145
16147
16149
16150
16153
16156
16158
16159
16160
16167
16170
16179
16184
16187
16188
16190
16193
16196
16202
16205
16208
16209
16210
16212
16215
16216
16218
16220
16221
16225
16227
16229
16231
16234
16235
16237
16239
16240
16241
16242
16243
16245
16248
16257
16261
16265
16269
16277
16278
16279
16281
16283
16284
16285
16287
16300
16301
16305
16308
16310
16313
16318
16320
16321
16323
16324
16326
16327
16328
16329
16331
16333
16337
16341
16342
16347
16350
16351
16353
16356
16358
16359
16365
16369
16377
16384
16387
16390
16392
16394
16398
16399
16401
16403
16404
16407
16408
16415
16416
16417
16420
16429
16432
16433
16435
16437
16439
16440
16442
16443
16447
16450
16451
16452
16455
16456
16457
16463
16467
16468
16469
16471
16472
16473
16478
16480
16482
16483
16486
16490
16492
16494
16497
16499
16502
16511
16517
16520
16522
16524
16527
16529
16530
16531
16532
16535
16542
16544
16545
16546
16547
16550
16551
16552
16554
16555
16556
16560
16562
16568
16570
16577
16580
16582
16584
16586
16590
16596
16598
16601
16603
16610
16611
16617
16618
16620
16623
16624
16627
16629
16633
16636
16638
16640
16643
16646
16648
16650
16654
16655
16656
16661
16662
16664
16667
16669
16671
16673
16677
16684
16686
16690
16691
16692
16694
16698
16699
16704
16705
16712
16714
16715
16717
16720
16721
16722
16727
16728
16729
16732
16736
16739
16740
16743
16745
16747
16748
16752
16753
16755
16760
16765
16767
16770
16772
16779
16782
16784
16786
16788
16789
16794
16795
16798
16799
16802
16804
16810
16812
16814
16816
16818
16820
16821
16824
16827
16830
16837
16844
16850
16854
16855
16860
16862
16863
16866
16875
16876
16879
16882
16883
16886
16887
16890
16892
16896
16897
16899
16902
16904
16910
16912
16913
16914
16915
16916
16919
16926
16930
16931
16932
16934
16935
16937
16938
16943
16944
16945
16948
16954
16955
16956
16960
16962
16965
16966
16969
16970
16974
16975
16980
16981
16985
16988
16994
16995
16999
17004
17006
17008
17013
17016
17020
17021
17026
17027
17031
17032
17035
17037
17039
17048
17050
17051
17052
17055
17056
17059
17060
17063
17064
17066
17069
17072
17077
17081
17082
17084
17086
17087
17089
17090
17096
17101
17102
17103
17105
17107
17108
17113
17119
17122
17126
17127
17128
17129
17131
17132
17133
17139
17141
17142
17143
17146
17149
17151
17155
17156
17161
17162
17169
17171
17174
17177
17179
17180
17183
17189
17190
17191
17196
17198
17204
17206
17207
17208
17211
17212
17218
17220
17224
17227
17232
17234
17239
17245
17246
17250
17253
17257
17261
17262
17267
17268
17269
17270
17272
17279
17284
17285
17287
17291
17292
17294
17300
17307
17310
17312
17313
17315
17316
17323
17324
17329
17330
17335
17337
17342
17346
17347
17348
17350
17352
17353
17354
17357
17358
17359
17360
17365
17366
17380
17381
17382
17383
17384
17397
17401
17402
17403
17408
17409
17412
17416
17417
17419
17420
17421
17422
17427
17428
17430
17432
17433
17439
17444
17445
17447
17448
17449
17450
17455
17457
17460
17462
17467
17468
17469
17470
17471
17473
17476
17478
17481
17482
17485
17486
17488
17491
17492
17495
17496
17500
17508
17511
17514
17517
17520
17523
17527
17528
17531
17533
17534
17537
17543
17544
17549
17550
17551
17553
17554
17555
17560
17562
17564
17565
17569
17571
17575
17582
17587
17590
17592
17594
17595
17596
17597
17598
17601
17602
17603
17606
17607
17609
17610
17611
17613
17615
17619
17622
17624
17625
17626
17628
17629
17630
17635
17637
17639
17643
17651
17654
17656
17657
17659
17662
17667
17670
17672
17673
17676
17677
17678
17679
17681
17686
17687
17688
17691
17693
17695
17696
17697
17701
17703
17707
17711
17713
17714
17718
17721
17728
17729
17738
17743
17752
17753
17754
17755
17761
17762
17764
17765
17767
17771
17775
17776
17777
17778
17780
17783
17788
17789
17790
17791
17795
17797
17798
17802
17805
17816
17818
17819
17820
17824
17826
17828
17829
17836
17841
17843
17847
17848
17849
17853
17857
17860
17862
17866
17867
17873
17879
17884
17887
17902
17903
17904
17907
17908
17911
17912
17921
17922
17925
17927
17930
17931
17938
17939
17942
17943
17945
17949
17952
17954
17957
17959
17964
17965
17966
17968
17969
17974
17977
17987
17991
17992
17993
17996
17997
18000
18001
18003
18004
18007
18011
18024
18027
18028
18031
18035
18038
18040
18041
18044
18045
18047
18049
18057
18058
18059
18066
18071
18072
18075
18077
18078
18081
18084
18086
18092
18095
18096
18098
18099
18100
18103
18108
18110
18114
18115
18120
18124
18125
18126
18130
18132
18134
18139
18141
18146
18147
18150
18151
18153
18166
18168
18169
18172
18174
18175
18176
18179
18180
18187
18191
18195
18198
18202
18204
18207
18209
18210
18214
18215
18220
18221
18226
18227
18228
18232
18233
18236
18237
18243
18245
18247
18248
18251
18252
18253
18255
18257
18259
18266
18278
18281
18282
18285
18288
18289
18292
18293
18294
18297
18301
18302
18304
18306
18308
18310
18311
18313
18315
18316
18317
18323
18327
18338
18339
18341
18348
18357
18361
18366
18368
18369
18373
18376
18379
18380
18382
18383
18386
18389
18392
18394
18396
18397
18398
18399
18408
18410
18420
18422
18424
18425
18426
18427
18429
18433
18436
18439
18446
18448
18449
18450
18455
18458
18461
18465
18467
18468
18471
18476
18477
18478
18479
18482
18486
18488
18492
18494
18495
18496
18501
18502
18504
18506
18508
18509
18511
18512
18519
18520
18522
18523
18525
18526
18527
18528
18533
18534
18535
18538
18540
18544
18547
18548
18551
18552
18554
18557
18561
18562
18563
18565
18569
18571
18573
18577
18578
18579
18580
18584
18586
18588
18589
18596
18597
18601
18602
18605
18613
18617
18627
18629
18631
18633
18635
18636
18638
18651
18652
18653
18658
18664
18669
18670
18677
18678
18679
18681
18688
18689
18690
18694
18697
18700
18706
18708
18712
18714
18715
18720
18721
18723
18724
18725
18726
18727
18728
18732
18745
18748
18749
18750
18751
18756
18762
18765
18766
18768
18769
18770
18771
18774
18777
18778
18781
18789
18791
18793
18794
18795
18798
18799
18802
18803
18807
18812
18813
18823
18824
18825
18827
18828
18834
18836
18840
18841
18844
18846
18847
18853
18858
18859
18863
18864
18870
18871
18886
18891
18892
18895
18896
18898
18903
18904
18908
18918
18922
18925
18932
18933
18934
18936
18937
18941
18944
18945
18946
18951
18957
18958
18959
18961
18962
18969
18971
18972
18973
18974
18975
18980
18981
18984
18985
18988
18989
18996
18999
19000
19001
19003
19006
19007
19012
19013
19015
19017
19018
19019
19024
19026
19027
19028
19031
19033
19034
19038
19043
19048
19054
19057
19059
19060
19062
19066
19075
19076
19087
19088
19091
19092
19094
19096
19098
19102
19107
19108
19111
19114
19115
19118
19119
19120
19121
19125
19128
19135
19136
19137
19138
19140
19141
19143
19147
19153
19162
19163
19167
19169
19173
19175
19181
19185
19188
19189
19191
19194
19198
19201
19206
19216
19219
19225
19227
19230
19232
19234
19240
19241
19243
19246
19248
19252
19259
19260
19263
19264
19267
19268
19270
19271
19279
19280
19282
19286
19287
19289
19290
19291
19294
19295
19297
19300
19302
19303
19305
19306
19312
19313
19317
19318
19323
19325
19329
19330
19332
19334
19336
19337
19338
19340
19343
19345
19346
19348
19349
19350
19358
19359
19363
19365
19366
19367
19368
19370
19376
19377
19381
19383
19387
19388
19390
19392
19395
19399
19400
19402
19408
19409
19410
19411
19413
19414
19417
19418
19423
19425
19427
19429
19439
19440
19444
19445
19453
19455
19457
19463
19464
19466
19467
19468
19472
19474
19477
19481
19482
19485
19486
19487
19490
19494
19498
19499
19500
19502
19510
19512
19513
19515
19516
19518
19520
19523
19528
19529
19531
19535
19539
19541
19544
19546
19548
19551
19552
19554
19560
19562
19563
19564
19567
19569
19571
19574
19575
19577
19580
19584
19585
19588
19590
19591
19595
19596
19597
19601
19603
19605
19606
19611
19614
19615
19621
19623
19628
19630
19631
19632
19633
19638
19641
19644
19645
19652
19658
19664
19670
19671
19674
19675
19677
19680
19682
19687
19689
19691
19695
19698
19701
19703
19704
19705
19706
19707
19708
19713
19714
19724
19725
19726
19729
19730
19733
19737
19740
19743
19746
19747
19748
19749
19750
19752
19753
19754
19756
19757
19758
19760
19761
19782
19783
19787
19788
19792
19794
19796
19802
19803
19804
19807
19809
19811
19815
19819
19820
19827
19828
19831
19840
19843
19848
19856
19859
19860
19861
19863
19868
19873
19876
19879
19882
19883
19888
19891
19895
19897
19899
19904
19915
19916
19917
19918
19919
19921
19922
19923
19925
19926
19934
19935
19936
19938
19939
19940
19948
19951
19956
19962
19963
19968
19969
19974
19977
19980
19981
19986
19988
19989
19990
19993
19996
