4112
1595
15652
15683
5881
15284
5890
18289
3221
15094
17139
9591
19899
7622
2196
10815
4598
6719
16467
6410
8438
16356
9525
5449
14316
1775
12980
4252
6821
8178
1871
10435
868
18003
4525
2393
3965
6110
1972
17212
12115
2079
6540
16062
10199
13312
10999
7513
4975
10793
5723
4502
10871
2888
9005
755
10241
180
4088
7478
19054
2347
16390
16494
7675
616
16210
5168
2188
10558
8010
13027
9862
447
13941
15793
8458
10439
7377
8102
10042
19689
17755
6772
3749
14864
3767
5688
9244
3852
15607
9823
6242
1284
8125
18398
13532
2162
6678
12423
17127
9023
15785
7973
19652
6443
3253
8268
1524
12303
19234
10108
8409
15200
1749
17122
3306
14833
6192
4470
9878
18721
5438
7736
18141
15951
17108
12174
19590
7070
810
8527
9163
8367
12220
4413
12429
9765
5137
3868
12323
17382
10443
2242
12603
5999
7055
6930
1285
16239
9577
2475
6122
18115
11215
8168
15378
17597
13956
12154
604
10877
6250
2344
7708
1633
19147
11493
12581
13054
11991
13609
12593
4016
16646
16023
14641
2909
12454
4042
8118
6801
846
6654
11265
19671
12828
16365
2055
18588
13286
1082
11956
6033
12377
2104
12760
11317
7419
13517
1824
13937
968
10597
2995
9504
8595
958
11231
10033
6928
7602
2967
8512
8958
18577
6982
7257
9917
3782
8101
6089
4154
10132
3951
2111
19345
9072
4494
5989
14319
3828
7426
5803
8366
5934
15787
1642
11915
19499
8763
8768
4515
18031
7188
9835
12278
6538
17462
5583
5269
878
3906
7924
7932
11226
9399
9223
6987
13512
18770
16794
5321
18565
15110
4837
8930
5833
3205
593
7636
10463
11062
6308
14942
1652
12892
11261
3528
10336
8581
12052
1712
4874
9791
4689
7104
19143
4140
5621
3606
14489
6067
9951
6558
7888
9354
8063
3912
19917
7656
1064
8682
5604
1607
2827
2910
510
11759
1486
6218
9918
2170
10201
7275
549
10822
2549
5831
6159
16432
14202
17397
10136
6495
14542
13140
7490
5701
18895
7009
18134
8773
19024
6299
16408
7205
17478
12997
3457
3687
9376
7891
1382
2325
11689
5481
14513
18636
8351
8569
18220
9351
6738
125
10021
9970
5287
11932
19743
16899
18389
989
3639
11335
8312
19409
1759
14795
562
9277
8264
2561
9748
7921
5301
6755
1226
11499
11121
6261
12808
2535
5276
1100
9684
9904
9743
9782
6785
9392
13663
17904
6319
6769
6320
430
3963
6633
8633
7232
3839
8488
9356
10186
9526
1783
3363
4021
910
6666
13619
8352
3994
5633
1478
17553
9062
4461
4322
19951
2645
17718
15679
14794
6065
18169
9829
17590
9950
6253
5328
9571
4023
7710
3243
16067
15581
9038
14573
7361
6113
6965
6845
10556
15429
5156
11527
4780
5770
6453
18745
5896
6914
10142
14934
2649
10452
10080
1465
2497
19387
13612
3339
6401
8816
7396
8735
1433
9840
16
10879
7363
5271
15544
6848
18174
9903
18191
16522
7000
19868
7464
7090
5983
6983
19318
9045
3845
7610
8291
5332
8705
7831
4582
11329
1056
11771
9369
9206
11486
7998
4745
3071
1763
12036
4219
5845
8413
8706
14060
9790
36
8651
2014
6970
9319
10129
10243
5693
10009
11918
4243
1932
8244
3822
7320
16535
3927
978
7358
16937
6664
13156
17643
5244
4
66
3330
2109
15730
18066
8905
13173
2900
18520
5295
7567
6318
3053
721
10994
6694
14744
98
10514
12276
6597
8596
5206
17805
10185
16980
8657
16407
9983
7395
2180
11909
4107
6635
9657
3
4965
4347
12829
5095
9539
5631
7578
11019
12740
8232
2993
18652
4687
6926
12628
293
2973
2866
3590
18252
12895
4108
7612
7091
8085
6414
18538
3954
18092
7819
12778
11137
5614
17696
5474
9179
15583
9192
5027
8175
18448
4815
16966
3937
15186
14336
11432
1215
10407
16241
11056
1742
6471
3871
12935
9088
18458
14580
1303
11576
4119
11881
2606
10998
2940
11353
18715
8442
3754
8567
18840
6349
2262
9831
5083
7225
16482
10031
8245
8333
10334
4518
10740
2086
12359
1003
12782
2509
9233
7004
6232
8330
6346
7416
19013
6307
16580
8437
6691
2981
10233
6290
7473
6673
4621
3716
8747
32
10155
5352
15625
6062
2850
11279
401
8045
16636
6326
7533
90
8910
9559
4436
18951
4936
1643
8614
946
4569
2436
5757
5164
10212
15736
1703
10537
10645
372
7577
6206
336
9796
10791
3563
15125
12994
2721
12965
8233
18506
3002
5818
2582
17428
9900
203
10476
586
7129
17402
3701
18768
9336
12234
17695
13299
10038
7411
5194
18765
1794
9124
11239
8725
4420
6469
12765
7142
10813
2935
13208
6553
5601
15155
7549
9892
17836
17016
6743
4273
14546
9973
14054
9822
9393
33
10306
2051
8811
15507
9432
19705
7949
8217
299
8658
12864
3733
19169
5100
10863
590
6256
16529
10179
3634
6465
4482
16078
18511
7619
13694
9861
7341
11142
10090
14712
19313
19606
332
3902
8342
9654
3016
11206
2547
12820
15371
145
8875
3442
452
10725
16740
7031
16814
2070
14629
18041
9982
6936
4220
2530
5077
2177
12450
3836
14543
8855
19128
10322
5114
6797
14930
1630
7285
69
10342
9895
11091
4128
6684
106
5729
18049
6103
3301
5503
16691
15907
2642
5178
9947
10166
5997
6060
16333
4902
11060
2614
6211
2230
9496
14725
128
6823
17096
14994
10722
8892
16102
13868
3595
6098
4310
11112
839
6029
1026
14670
6611
5949
9125
5855
17031
6758
16001
3727
8036
7641
3050
5131
3303
12442
3006
9907
1469
11742
4841
1786
12059
6276
15880
1930
2856
1227
19677
9404
16913
7499
4906
13650
12678
5858
12228
14605
13692
3419
4499
8785
164
1186
914
18081
980
2328
12601
15269
804
9811
17688
8536
9232
18007
9205
14700
19000
16531
19003
2921
3448
4324
14597
12284
5142
19232
17762
6889
17162
13610
8263
8369
8502
7679
17952
17366
3174
13447
19724
3901
5005
11975
19300
6364
1531
9337
9403
7105
11530
1813
1231
14959
3311
13584
18293
9813
10280
4047
3748
2651
12566
3993
15642
1680
3860
15861
19938
9718
18047
12211
16546
6744
896
11169
7945
4049
4085
12841
8007
4264
17448
16208
700
15361
16656
9410
6857
2777
6450
17427
2354
18533
15009
485
7564
15513
5412
3914
10714
6876
17149
19444
9171
5362
17218
1806
16789
9819
628
10901
9284
2602
11104
831
1366
11728
17433
16117
5844
4164
3178
7794
11462
2670
7865
8282
14377
16415
11596
9641
7407
5506
4102
4701
4391
9756
8955
4666
9132
7421
10094
13302
17619
5038
14351
9461
5239
15512
10857
584
17829
11737
3203
3577
18941
1294
12684
575
10848
13556
3283
16420
6147
3714
14080
19605
9332
10922
9783
3019
2528
18221
19980
7618
4274
7409
14975
8201
1771
17729
2943
1297
12689
8890
19163
9908
498
8256
14656
4289
14562
18114
16323
15346
5073
13548
8880
19153
9100
16890
4688
9767
1269
9305
11544
14821
4103
10811
7628
8973
19246
12951
4064
7371
14157
4766
3357
12929
12043
1770
5003
15276
9871
2713
12986
10721
11968
2997
6602
16875
6099
14346
4014
346
10619
7970
18243
3574
172
2235
12508
11471
8576
12694
2421
284
1117
19455
9182
5827
12489
7660
10416
16804
14463
4190
8180
2166
3444
8815
19088
5939
16212
10511
9921
6899
4785
8146
16999
7331
18635
9806
15603
2688
16313
17711
9699
10197
17611
7338
17798
3300
5720
8240
5153
7368
1526
12003
19641
7010
3490
9912
12504
2830
15486
3979
16981
13939
6740
17013
14541
1644
11917
11254
795
2327
12600
2020
12293
2174
6407
7287
17560
8869
15814
13010
3083
7965
9118
8506
13293
3020
17004
6731
8978
10819
2163
17342
10235
19312
18908
10412
7599
16944
1423
8637
13499
3353
6400
16673
1875
5924
9246
9109
9850
4186
3012
9196
10729
456
9647
231
5689
4474
6865
12960
3486
8850
4323
3087
7375
11304
18523
6884
7410
13817
3544
15261
10347
9241
14099
3826
16617
18756
19440
10890
9049
13203
11682
1550
11823
2581
7221
30
10849
576
5895
9681
6649
3723
14111
3838
1701
8394
13606
8547
4909
2143
16932
10273
14061
3170
11109
836
16327
9981
8866
12985
3729
14002
17467
7194
79
7167
3935
11450
18467
9349
5121
5434
3692
11672
12851
8762
8131
12871
2598
4855
7621
10794
8077
5649
15928
8843
13175
2902
1249
11962
1689
3487
13760
4562
13414
3141
6036
16497
3821
15240
18863
19597
5151
5879
9502
17761
1341
11614
15461
344
207
14470
3736
12024
11378
1105
15466
2237
13968
11727
2847
10923
15616
5343
1592
11580
10165
4386
6871
16483
16324
10040
3158
1295
9303
8937
526
2844
17879
18455
19332
4401
12665
5296
9764
2382
10146
9687
7969
16648
12425
9202
17884
3146
16876
8139
5816
1650
11923
15146
6293
2626
19334
17575
7302
13132
931
5735
1166
13882
4809
1548
11821
5556
1991
2871
2743
4937
2609
2704
12106
11230
6305
6374
10880
607
3591
13864
5004
19330
7017
15382
2504
1740
12013
5753
5866
5706
15657
7126
19925
9652
1359
3105
9732
1777
4230
19936
12299
2026
17607
13693
15945
5672
15858
2063
684
10957
8237
13790
12288
2015
12266
4150
666
10673
7788
18304
1092
4632
6836
8436
10392
9111
10666
4897
4315
3910
9274
15206
3294
7435
2562
9858
3192
13465
8398
19280
12501
12664
41
10314
291
10564
13645
8111
4799
304
7461
9149
282
11006
733
15667
18712
13482
6255
1673
2658
11133
2575
12848
3941
459
5765
16038
15439
5846
3023
12231
14458
6476
8400
10035
1911
6310
176
15231
14814
4541
12956
2683
9969
15773
19350
9130
3896
6885
17050
9562
3176
9185
11296
16107
15287
14684
4411
10120
16664
11892
3946
14551
14
7005
18175
4871
4245
14524
12188
2770
15890
8807
12190
7726
11753
2388
12661
3114
392
9960
6123
3422
7763
2168
11913
1640
18172
7659
2365
15503
965
16752
6479
9961
6791
17064
6837
15655
5382
16684
1888
13503
3230
3169
13442
14422
16736
6463
14114
3841
7746
7769
6968
9466
749
710
14805
12178
3077
6435
10561
3235
3293
10969
12500
12346
11314
6076
10575
1574
2789
13062
19264
4301
3527
5835
982
11255
5485
15758
12959
2686
4655
9866
7558
1383
6386
6902
10128
10543
270
11583
11633
13970
3697
5110
15383
16041
5768
1479
9344
8749
17312
17679
7406
15028
18802
6094
14121
12380
14391
15740
2099
11924
4576
14849
18476
4478
19695
9422
17143
6870
19381
12652
2379
7313
922
2986
1699
11972
6219
16492
585
11285
3829
11214
17460
13142
6500
10286
13
15538
6003
17107
14912
5840
1361
3476
4173
2395
12668
11153
5041
6191
16821
13511
3238
4795
6948
536
11343
8653
3753
14026
7917
14636
9854
17957
16554
6281
11607
1334
17977
3658
13931
15555
7240
19270
8997
15395
5122
5411
6296
10888
7228
8136
2381
5279
15552
12175
1902
13413
8588
159
7500
7681
17954
6972
17245
19198
7020
19552
9443
7702
10055
1965
3732
13204
2254
16930
6657
985
11258
3310
5001
11798
8205
18478
18841
8611
1656
16904
2559
1940
16542
8050
18323
11364
3605
9497
19486
784
8777
19481
9208
16517
6244
4619
8654
5970
16243
2708
13088
2815
18571
8827
1984
12257
13806
10117
3241
18528
11937
2186
9602
11388
5730
15087
4814
7446
6620
4737
14533
10599
14527
18748
8475
10448
4319
18281
4100
4316
7685
18670
1020
11293
16694
9620
11325
5882
11945
8346
4650
14923
12088
3899
3113
13386
10203
15752
5479
13917
16167
6227
5841
13815
12415
2142
3045
9198
9146
11421
12998
2725
4894
6776
4957
18471
8198
5870
19498
9203
4495
16620
6487
16760
3703
11543
1270
2331
12604
2255
12528
1131
3460
527
432
10878
9779
10096
10269
6802
8557
7523
1666
4201
14474
9655
9653
19926
16456
19057
10193
15354
5081
19726
1053
7502
17775
10221
3431
4093
14366
4527
9875
2367
6921
3150
6985
1130
11403
7753
9252
11166
15595
5322
5191
9320
2502
5245
7450
5950
2703
12381
2108
17676
8704
5353
15646
1032
17476
3042
3636
16090
4189
12506
2233
343
10616
1317
5533
5237
9864
6149
1497
11770
10828
14965
4692
11086
7643
6748
17021
13398
3125
11853
1580
1007
11280
718
17161
15180
12471
2198
5982
5283
19279
15303
5030
4972
1392
31
6940
17492
9535
4951
6800
9847
911
11184
8982
3084
9746
1274
18613
6778
17051
19140
8867
13773
3500
6335
3960
9492
7097
11839
1566
198
8836
12609
2336
1431
2158
12431
11816
10748
475
298
10571
5913
18383
4205
6525
16798
4225
9948
12465
4361
4739
15012
11481
1005
11278
10002
10910
8171
5832
10250
11802
16225
18864
3109
8642
1108
16184
13786
1275
12319
4694
13453
9989
597
15521
5248
13233
11720
19754
4640
17491
2736
646
4586
19317
8498
18771
6265
8692
5184
16000
5727
2563
9613
16329
14163
8003
13498
2202
8380
18653
3647
107
15709
5436
8153
18426
6352
8327
9991
18690
8417
10265
1970
5630
512
17272
952
9031
8695
17211
7102
9105
19185
8912
11811
1538
6433
4748
1987
6530
474
6931
17204
7775
2212
9081
543
2316
10742
469
19827
13393
12368
3155
4208
2828
6339
4681
1544
6369
5106
3849
13785
5714
15987
9239
19512
6000
57
19554
8331
10778
12455
9661
19934
872
11145
3009
2096
2837
13110
13538
3265
15049
4776
6046
10424
16970
6697
9160
7694
10640
7035
8599
13898
3625
11332
1059
17828
11168
9839
18255
7982
4924
11914
792
5381
1247
11520
3106
6877
9693
18001
3840
14113
7687
12594
2321
11393
10861
6568
7699
19760
9487
17119
3465
3611
16677
9449
3682
10646
6025
5873
5120
15393
15431
11464
5774
2047
3175
3475
9612
16025
5752
19809
8490
18392
8119
19631
10464
191
5491
18971
18422
8149
3549
13822
19368
12122
4923
6462
8830
6822
7992
3014
7732
13338
3065
1821
6331
12853
4832
18151
2106
11208
9810
6734
18504
7013
7968
5979
19376
1389
11662
12199
1926
7552
7253
18750
12724
2451
14807
4537
15738
5465
12478
14509
4236
3983
7709
18781
10545
272
19091
8012
18285
12335
3735
15592
2970
5826
16099
19121
18936
8663
4326
5910
11237
964
12753
7956
13761
3488
3831
8320
11936
1663
5333
2716
12989
7248
9788
5185
10001
4953
7807
1168
7082
11828
1555
1790
8969
1237
11510
5096
16551
6278
2780
14083
5216
10961
9865
6151
16059
7094
12393
11517
1244
12307
2034
14663
5746
13778
11569
1296
9511
11679
2982
13255
3408
13681
6773
7115
6750
6704
6668
4217
8266
6264
3287
15208
17673
2002
12275
16087
7907
18180
17488
5504
7376
9593
13509
1979
809
5200
1470
10533
260
7431
8461
9510
19783
12395
2122
2872
8145
6105
3885
18071
6260
15133
4027
2295
5000
15273
4005
9959
3274
11458
13136
2863
18778
9544
1401
12229
16237
366
18898
1083
10075
10047
17592
19076
7288
9127
19400
7457
1517
12374
4552
14825
9971
382
10655
12700
10087
2786
15066
3865
5820
3148
3492
16231
5958
17291
1036
11309
6605
14212
3939
4146
11642
1369
19414
9141
17656
7383
15939
5290
14626
16442
211
9434
19707
5167
19891
9816
4409
7151
5893
15799
5526
1739
17422
7149
9357
19630
184
10457
16948
5918
6505
12607
5644
6220
15470
16138
5865
7103
6648
3691
8148
10300
1196
4952
8142
13446
11286
3132
6332
4839
14749
16753
16524
11791
906
11179
10156
4867
4716
8919
5903
2695
12968
9930
5416
15689
9164
8597
18870
3623
8227
17849
8285
1704
11977
10477
664
10937
2210
11556
8199
7541
6214
428
15798
5525
3699
13172
7655
13904
3631
455
10444
171
15362
6918
17191
3332
13605
212
10485
177
10450
9869
1839
5990
6266
7506
2571
12844
12901
2628
8543
8317
10130
9668
12080
2065
12338
13986
3227
5605
8076
18040
8018
6275
3686
1545
3195
6430
6795
7568
17841
16720
6447
5972
16245
8048
3232
239
6688
411
724
1396
10217
17447
7892
10421
148
10989
716
824
11097
1593
11866
15843
5570
15324
5051
16584
10851
578
14502
4229
19804
1668
7915
3107
15885
5594
2280
8907
2822
11244
971
3193
14688
18379
12089
2025
12298
5635
15908
17279
10554
8108
7462
1463
11736
6572
599
10872
1847
12120
115
5589
18310
8037
14137
673
10946
709
4891
5568
8712
18985
2531
18450
9147
12539
15309
2447
17639
16988
17416
7143
9690
19963
18799
8526
9670
13839
5448
8856
1488
8254
18527
14851
4578
250
17380
11236
2525
12798
1692
14357
4084
5782
13071
2798
8839
6200
16473
9388
6520
6712
16985
5339
15612
2701
12974
11870
10900
627
7916
13232
7539
1945
5733
5277
15550
6927
14661
12570
18479
8152
18425
9188
5640
5577
4604
14107
3834
12279
5173
9306
6093
6894
3867
8476
18749
5099
16342
7569
14903
10076
8817
5260
18348
560
9177
8570
4087
17133
6402
17778
4175
10979
18147
9517
928
8545
2171
950
4472
9883
9463
8679
146
10419
6595
1708
12534
2374
286
279
14205
3932
4024
18552
2778
7444
6955
5360
15633
9143
7971
8619
18892
16257
15611
9159
3621
1484
11757
6523
8491
18373
8100
1408
11681
1558
11831
8764
18120
7847
10585
312
12540
2267
5679
3223
10832
13938
10668
8297
6277
16550
6015
17232
6498
12502
2229
2052
3583
13856
523
2115
4679
1785
17008
7889
11001
17285
7012
18563
8523
683
12249
1976
3922
7905
8941
9958
19915
9642
9830
10682
11664
1391
5898
915
1756
12029
5933
10196
12586
2313
1315
15587
995
6944
18627
14277
4004
9268
19541
6001
17908
7635
773
4226
11283
3793
13647
17520
17126
1302
11575
8971
4690
7112
16004
11330
12544
2271
6560
12987
5366
14951
19487
13227
2954
8724
13489
8783
11801
11246
973
11417
9717
19990
11024
751
2270
3953
14226
8329
18602
17601
6378
9884
11394
3088
13530
10496
223
7778
8411
4612
8347
3771
2283
6960
10397
6268
10581
308
8871
15340
10707
2929
8669
12533
6488
10074
19748
9475
2769
16556
18858
9896
5539
10830
13709
12554
2281
3693
10178
5941
10268
11526
1253
5325
15315
5536
6545
16818
19135
14302
6695
12066
9352
18035
11691
17196
6923
19006
8733
16862
6589
4792
15065
10584
4811
2833
7007
6824
15988
5400
4723
18554
7201
707
13672
9733
10930
6270
205
10478
8578
16802
9674
3290
6427
3070
94
3766
3552
1371
11644
7624
16452
6179
3206
2855
17670
2428
12701
3883
17938
18844
8571
2886
5916
15468
13857
3584
4869
15142
2479
10611
8377
2275
12548
8647
11597
9870
9750
11288
10671
15718
5162
4843
556
19815
9542
8676
5447
8115
8589
5862
4774
15898
16655
6382
3717
7849
18601
8328
1796
10844
571
12128
3202
13475
10563
290
4714
14987
5632
10189
9833
8034
15310
5037
17131
6858
6753
17026
3817
9781
2161
18176
7903
9656
6581
16854
2385
2977
3327
13600
3200
13473
1021
11015
567
10840
13541
14488
4215
2775
10372
99
1504
19366
16727
6454
144
7605
5192
8643
8582
7718
17991
12312
15363
5090
10519
246
12460
5429
12651
2378
11053
780
7467
9419
11191
918
2552
17495
11509
11302
1029
12818
2545
7855
2984
2001
12274
18226
18551
8278
15855
5582
1388
19807
15693
2632
3095
5074
5705
15978
14831
18891
8618
8133
2194
195
10468
9585
4551
18214
2988
3038
9261
2742
13015
2074
12347
11994
1721
14690
9623
16337
2945
19863
9590
936
8099
17554
11229
14681
10613
10440
167
583
19268
7648
17921
2666
4261
8216
10350
12479
5174
1301
17767
6804
17077
9995
15532
5259
16629
12407
10422
14970
12873
8052
17819
7546
17925
2299
2489
1667
11940
18210
7937
8929
11113
4156
14429
630
10903
6021
18209
7936
11605
1332
2468
3562
16816
10753
480
7712
5502
15775
9698
10378
105
6810
6713
703
6340
2340
2425
18678
8405
11886
1613
12755
2880
9731
15902
5629
5082
15355
9067
19340
7231
13513
3554
16447
2019
9993
18058
7785
11284
1011
10881
10802
529
14457
2818
13954
3681
11369
5610
7680
7671
8562
17129
5517
18439
9537
3295
11431
11887
1614
3375
118
4961
2337
5868
16141
17862
18166
15697
3462
193
10466
11460
17549
8646
5085
15358
4575
334
4797
3624
4232
816
80
4750
15502
5229
5736
18084
5878
62
10335
11864
18496
8223
9777
6932
4036
14309
14232
7033
4485
14758
2766
15063
4790
17596
7323
15288
5015
17939
738
10240
8718
5624
15910
6405
18638
8365
16590
6317
15936
17084
8938
7267
8795
10056
11298
4512
14230
3005
8884
11411
1138
3991
14264
10467
188
7141
6088
8002
4626
17693
7420
3424
103
9408
5385
951
16555
56
10329
7178
13927
10025
3098
14671
1565
2407
12680
11992
11747
8680
8511
5962
16235
9190
19463
15992
5719
15638
13179
1357
11020
2404
12677
13680
3407
6937
18688
9512
15876
3833
2071
12344
3761
4663
14936
451
19904
10107
2916
2061
12334
4791
2637
11995
10138
7087
17360
7283
10061
13522
10664
391
6728
17482
11220
16310
13025
2752
10598
9581
14579
4306
882
10078
1440
7297
6289
16562
9469
11190
917
18961
14716
11134
6473
8480
6197
19485
3069
6109
15969
2853
10568
4050
17550
9742
8583
11584
13957
12119
1846
11602
1329
655
10928
10247
14742
16377
6104
18294
8021
17359
7086
9637
2564
18132
7859
1549
19539
15946
11175
8435
18708
19918
9660
7848
10052
6984
17257
17155
12270
6646
16919
9838
350
14190
5900
6489
5576
15849
18557
3571
13844
142
9037
7405
17678
10050
7038
14184
3911
10531
258
11516
1243
1326
7119
8396
18669
1085
16704
6431
2360
12657
17087
8750
1162
11435
10072
7051
17324
11061
7715
8946
19219
14142
18580
8307
7517
17790
7662
4756
9911
2677
489
10762
15329
8849
6745
19338
9065
4122
17348
7075
13000
10231
9098
7355
17628
7217
6503
1492
5359
18168
18259
7986
12427
14969
17964
7691
5927
15390
5117
3272
3572
1714
11987
19395
5527
2539
12812
5925
18813
14878
10590
5754
16027
3361
4644
9441
19714
11627
8213
18486
6041
6496
4161
1814
12087
16457
51
10324
6005
16278
16403
6130
2991
5020
13155
5707
4727
9773
8876
8541
7988
6246
2942
3392
10587
314
12224
1951
3048
10850
3971
16956
6683
19388
11451
1178
16037
5764
3354
4516
11340
1067
256
10454
181
13582
17069
12294
4207
14480
9063
19336
14228
3955
16962
6689
8299
13406
3133
15835
12723
2450
2785
13058
881
17052
6779
5578
11357
2145
12418
13038
2765
13834
14484
4211
10290
3743
2352
19601
18724
8451
17177
6904
10058
6978
12889
8738
17262
6989
2879
12541
2268
11835
17421
7148
8017
6490
9168
11507
1234
1278
19500
9227
12574
6842
7538
10602
19528
11235
592
11160
887
5974
6173
16347
7629
17902
7401
12488
14170
658
10931
11030
757
2533
7620
5495
10582
10681
408
1870
182
1306
6393
16618
13235
2962
8049
8191
13377
3104
18072
2515
17776
4764
3447
13621
5249
10079
10945
672
573
10846
17672
7399
7156
7057
17330
4259
6807
9382
16969
14632
9545
10048
5804
16077
19358
4097
13525
3252
12248
1975
17335
7062
2836
7854
1802
11611
1338
11512
19337
4708
12795
12894
2621
6161
1594
11867
2664
12937
7751
18024
13036
2763
7003
1916
14887
4614
1746
11920
6833
14033
3859
19120
11764
1491
6578
5917
16190
11103
929
13826
4590
14764
9677
17239
6966
7339
11873
1600
2357
12630
17816
7543
2456
471
1373
12634
12733
2460
19988
4628
14901
9814
7022
10641
15827
5554
4531
9519
19792
763
11036
10838
565
15826
6359
19119
3858
7833
16020
10933
759
2546
13437
3164
18769
17534
7261
11589
1316
10659
15746
5658
1286
11559
15818
15514
9818
4731
6770
11857
6774
1319
11592
422
5509
14535
4262
1853
12126
12225
1952
3523
8610
13064
13163
2890
8628
14047
8960
6230
5489
13013
7926
15006
4733
9820
3987
19248
12850
2577
9260
14347
12462
2189
7177
17450
3139
8226
16394
6121
11307
1034
9501
9565
3074
13347
7153
12712
2439
7372
18596
8422
13608
3335
11710
9877
199
10373
5255
2373
2274
12547
13614
13713
3440
3060
13234
18420
8147
651
3674
13947
8860
8761
19034
14046
3773
7940
6953
1767
12040
16544
2715
18075
7802
17329
9129
19402
4081
5345
3640
8535
19977
9704
9505
4418
16650
11563
1387
4106
4007
14280
9094
19367
9768
8592
18766
14303
4030
3931
14204
19240
8967
3880
19141
11108
835
736
11009
6741
6642
16915
4459
19819
9546
5023
4437
19698
5516
10702
429
10603
12412
247
2503
4338
18981
8708
10940
5853
16486
15367
6818
3875
19136
8962
5843
10133
12490
18932
8659
11581
1308
6395
8710
13794
4148
9210
4885
15158
15257
4984
1016
16277
7686
17959
12872
2698
2200
12473
10116
15203
15302
5029
11442
1169
13277
8190
10795
522
5510
15783
11518
1344
3596
2081
12354
16692
6419
5086
15359
14023
8936
7290
8073
833
6847
12177
1904
6991
6026
7909
10266
6596
16770
3124
13397
2998
13271
19241
3980
8999
16016
5743
19758
9485
9976
11687
1414
6501
11401
10486
8236
18509
8335
5751
5652
15925
18288
6950
14321
4048
226
15487
7581
12767
2494
9763
7475
10123
2776
7863
5722
15995
5821
11007
734
4883
17086
6813
1627
11900
13746
3473
202
5190
15463
15562
5289
9630
14816
4543
4828
15101
10014
4749
9836
9391
19664
4127
4028
14301
3307
18495
8222
8092
15163
5571
10757
484
7928
2841
17027
15739
5466
7436
5758
10567
16066
5793
5694
15967
11788
13485
14032
3759
7036
1949
1850
12123
9084
4370
11731
1458
5464
377
8634
9187
4001
14274
6639
16912
4974
15247
18139
7866
9329
12378
2105
15366
4057
14330
19417
19516
9243
10893
5806
719
4020
15593
19993
4341
19701
9428
7796
2709
9157
4070
9666
19939
4662
14935
4761
9848
17764
7491
5374
11950
6138
8460
12921
2648
7367
5383
13429
3255
18988
8715
4556
18727
8553
6942
1920
7752
2566
12839
5395
209
10482
4610
10618
345
14487
4313
9301
19574
10027
10346
15433
4983
15256
10169
1114
18918
2936
8023
1726
11999
12098
1825
6912
12383
11603
16690
1429
5285
4587
16502
6229
823
6475
16748
17907
7634
12277
10908
635
5398
1430
6517
17486
4117
3672
8759
18933
1350
16611
6437
2263
12536
2362
7449
10135
10839
566
5540
12710
2437
9508
5273
13006
2733
8513
3426
14072
3799
8787
19060
4125
14299
3379
11475
16661
6388
7559
2472
17307
7034
6935
17208
8401
6044
16218
15008
4735
19996
7293
9436
4349
5767
10953
680
14770
4596
13252
18339
5775
15949
10069
2735
13008
15051
11875
1602
6590
16863
3079
9429
19603
16127
9312
19585
9411
9119
19392
5250
2636
6752
1665
2038
12212
7125
1054
8577
8478
18751
10814
1405
11678
6591
1854
6941
8638
10995
10883
5697
15970
9913
14627
9540
6038
11125
12051
12150
1877
12751
2478
7565
9549
5143
10230
11593
109
15469
5196
8689
18962
13875
10754
5667
8219
18492
13504
3231
13741
8555
18828
4297
14570
19756
9483
10262
11922
1649
15398
5125
17587
7314
14285
4012
14186
19520
9247
14334
4533
19794
6890
1803
5228
4365
5902
8259
19529
2276
17537
6514
1800
6815
15870
18227
2966
19290
19704
19803
9530
11650
11749
1476
12495
2222
17582
7309
2440
2341
12614
7527
17701
18245
7972
2885
15888
5615
9020
8921
19194
1104
11377
11476
1203
2431
10915
2253
12526
17613
5455
221
10494
320
18311
2041
12215
18187
7914
19295
9022
3463
13736
11534
14718
4445
9532
9433
19706
1174
11447
16633
6360
12017
8001
2914
676
5763
18446
8272
5542
5442
355
19584
9043
18000
8572
6215
3131
8218
19623
9350
14064
8977
7836
2650
12923
9447
16435
6162
1075
9482
6155
11139
14477
4204
4105
14378
11156
883
5181
4336
14609
7152
12239
16511
10000
19544
9271
10017
5209
15719
5446
8528
14085
19271
8998
6998
2896
7983
10963
3396
13669
14443
4170
14344
11041
14030
19687
4426
9513
1328
2803
7890
6621
1534
6522
16795
10610
5523
11167
8243
4277
14550
17752
7479
461
16960
5799
10886
222
10495
9650
19923
9749
5376
4348
19708
9435
3565
3466
13739
18925
8652
6248
5492
5331
12505
7791
7692
17965
10847
5760
16824
6551
1365
11638
18126
7853
8487
3400
19502
9229
6872
2875
14313
4040
6397
453
10726
15912
5639
11198
925
11099
16552
6279
11366
10408
135
8640
1654
11927
1795
6783
17056
2541
19474
14486
4213
9300
4181
14355
11252
16142
19287
9859
15045
4772
4915
4816
15089
3575
8662
1218
5988
16261
901
11174
11273
1000
8739
19012
3751
3652
13925
6481
648
8917
3731
14004
3830
7933
6350
16623
11536
1623
6710
13408
3234
9594
6864
4880
1179
11452
7647
11564
6477
6850
16882
11894
1621
1522
11795
12168
7166
17439
12725
2551
15258
4985
15400
11531
1258
4129
9117
19390
11094
6007
4132
14306
1462
18720
8447
11649
1376
18099
18198
7925
2739
13012
2140
17401
3700
3162
18522
8249
1038
11311
10257
15443
5170
10356
83
10891
11395
16188
5915
3558
13732
15241
4968
2611
12785
12210
1937
12111
6014
16287
13138
8051
18697
8424
14384
4111
11182
11281
1008
6095
10344
71
10245
5904
2729
11391
1118
11292
10171
7466
1903
12176
12247
15449
5176
89
10263
8425
3338
7580
17853
7598
9582
16784
6511
6263
16437
11449
1176
4279
9366
14453
6636
6537
16810
14689
4416
12794
11778
1505
5712
5613
15886
10426
10525
252
11271
998
11172
16739
8501
18774
1141
8212
18386
539
10812
5725
3478
8565
7711
9138
19411
9465
12522
2348
7336
17609
8834
19107
17595
7322
17496
2136
12409
8059
7748
17922
6900
8757
13943
3670
15828
5654
14722
4449
8974
9254
7139
17412
2409
12583
11652
1379
1280
11553
1811
6799
17072
5312
10498
225
10635
362
18534
11848
6662
16935
10897
17066
6892
5530
10244
17565
7292
19019
3758
12047
1774
6861
18934
19033
8760
9520
4433
14607
19986
4725
15272
219
10492
318
15030
4856
1782
17142
6869
14882
4609
19969
9696
2543
5221
5675
8032
3123
18110
7837
2750
7738
18011
11591
11690
1417
9234
9135
19408
3246
889
16150
5976
15484
5211
15187
5013
6132
6934
17207
9291
19564
5813
10527
4577
11648
6561
7398
2684
17945
18044
7771
796
11069
16156
17691
4787
10633
360
15621
5361
274
10920
647
1471
1372
11645
16732
8014
13200
2927
2455
12728
2554
9472
5847
4629
14902
4728
9815
6660
6455
16728
14146
14245
3972
369
2726
17987
17713
7440
11845
1572
16359
6086
11272
999
11173
9242
19515
14428
10158
15344
5071
13666
3393
6585
2764
15957
5684
8041
7942
18215
19343
9070
8883
3796
4380
1681
1582
11855
6768
11319
1046
7996
2810
13083
3928
19189
6285
1099
11372
871
11144
13366
3093
5450
9752
3172
13445
13544
3271
15802
10715
15920
5647
8004
2917
10361
187
825
3532
18793
10831
558
15918
5645
9986
4800
15073
2915
10022
7723
17996
18095
7822
3854
652
10925
5838
15131
4858
15032
6370
16643
8503
18677
3416
17198
6925
2042
4399
8988
19162
6510
4000
14273
9186
4099
9706
10551
278
12908
2635
1512
11785
7071
865
11138
15852
591
11636
1363
16624
15682
13676
8713
3626
3433
6786
17059
1798
15893
12866
2593
12021
8819
19092
11621
1348
6893
1707
11980
12053
1780
5252
165
15233
15332
5059
14124
7705
12792
10062
15149
6024
16158
5885
11071
798
8242
14559
4286
9373
9000
15831
5657
1789
12062
6975
4299
9386
3228
18547
8274
6943
547
10820
13330
3057
5275
10589
316
15384
15483
5210
10297
17602
7911
2824
359
10632
10731
458
9170
17969
19370
9097
4010
8308
13395
1983
1884
12157
1797
12070
519
5606
14811
4538
11609
4233
11996
1822
17818
7545
3580
13853
8766
3679
1223
11496
6409
14464
4191
10679
406
7199
12385
2112
4842
9929
18150
7976
3779
13207
13306
3033
990
11263
8906
3819
7519
12705
2432
1960
12233
2059
11734
9377
9278
19551
4941
10028
8721
245
5233
15506
17190
7016
9288
15409
15508
5235
2779
13052
8616
13703
4291
5942
16215
7623
7524
17797
5851
16124
764
11037
1137
11410
2538
7625
16955
11967
1694
6781
12519
19848
9575
14761
4488
147
5108
15381
3712
8799
11586
1313
16300
6027
17270
6997
6898
17171
2309
12582
7495
10225
5138
5270
183
15444
3317
3121
13394
3220
7935
13022
2848
2390
7477
5358
7782
2596
12869
711
5798
14019
8932
8826
3739
12153
7066
417
9845
4758
1804
6518
1736
12009
919
19761
9488
14575
15325
5052
3445
7742
3028
12456
7369
14993
4720
9708
19981
3063
7777
13658
3385
2613
7700
16755
11767
1494
1768
12041
6855
17128
17227
6954
11766
1493
6580
7719
17992
2731
18494
13407
6946
12033
5251
15524
263
14161
3888
3182
13455
8368
11943
1670
1571
11844
16931
11291
9603
19876
11849
1576
939
11212
16398
6125
5653
15926
10182
13384
3111
18098
7825
2738
9776
614
515
10788
5901
5802
16075
715
10988
5609
15882
9363
4276
4788
7145
2058
7289
17562
5777
1914
7001
16056
17860
6075
15561
5288
19883
10766
493
17843
10772
5586
15859
18827
8554
17753
7480
3458
15243
8372
1246
11519
19062
8789
16844
6571
6472
16745
19621
9348
4162
14435
15588
10501
327
3803
10894
15981
2534
12708
1477
16837
6564
10905
11004
731
3813
19173
8900
14350
9263
12838
2565
12739
17826
4922
19230
4199
14472
4298
8276
13363
16153
793
11066
6725
5335
248
7242
12136
7049
5258
7615
5397
13452
3179
4753
39
5126
12669
2396
7384
17657
3051
13324
10637
364
8353
3266
9721
14907
4634
9683
19956
18847
3586
4711
18853
2618
12891
19962
3587
7804
18077
6292
11478
1205
2760
12934
9905
8796
7741
11360
1087
14048
14893
4620
5437
15710
237
5225
15498
5324
15388
10301
127
5960
7761
2674
4559
14832
19919
415
5403
15676
9619
15178
4905
15079
4257
14431
19518
19611
9338
4335
14608
12251
7164
9894
2699
18059
7786
17686
7413
2326
3608
1251
10643
370
271
10544
15492
5219
15478
217
8546
3360
13633
10357
84
6789
11876
2075
7162
18251
3278
12706
3215
13389
8302
6542
1259
1160
11433
6247
16520
4294
14567
4393
19753
9480
150
10270
842
743
11016
16202
5929
7913
15860
5587
42
10216
15297
7951
18125
3237
18597
8324
13411
8055
2968
3619
1111
10234
5048
15321
12591
17777
7504
12690
2417
9667
19940
8155
8601
3514
12590
2317
17677
7404
8693
12182
1909
8983
16054
10967
13625
4144
9231
8858
17721
7448
17622
9805
18777
3516
8976
3383
8470
15168
4994
8754
19027
2605
17866
4962
640
10913
4583
17353
7080
12167
9576
4862
9949
19802
9529
12016
1088
11361
16547
6274
4618
9606
19879
13191
8104
9423
18468
8195
18369
19921
14933
4660
16886
6613
11700
7560
12746
2473
15476
5203
1957
7044
2471
12645
1820
17081
6212
11398
1125
17997
18096
7823
12337
2064
1925
12099
14555
4282
14584
4311
7772
18045
7871
8617
3530
8518
18791
7535
2349
12622
12721
2448
17102
1043
2592
12865
3737
11653
1380
1281
11554
14980
4707
9695
19968
9794
6883
17156
6066
16240
13828
3555
8445
12072
6513
16786
11699
644
10917
6203
1017
11290
1116
102
15462
5189
2459
5297
10483
210
19439
7101
9458
9359
19632
1963
17224
6677
2241
1287
11560
14070
3797
8408
18681
8507
10952
679
5766
580
10853
7750
2663
14557
4284
19644
9371
16069
16914
6641
11827
1554
1724
11997
3373
13646
8559
9928
14275
18989
14324
4051
7239
17651
7378
5021
12192
12291
2018
5978
1264
12440
2167
2068
12341
17527
7254
4524
10282
108
9406
18922
12696
2423
1395
12401
2128
2029
12302
7079
17352
1992
12265
10281
19445
9172
3986
14259
7678
17659
1192
11465
421
10694
9259
1312
11585
10765
492
15753
19348
9174
4572
9659
9286
11716
1443
17942
12954
2681
4342
14615
9528
15889
5616
13441
3168
10402
129
9557
1713
16974
17943
12955
2682
9071
14257
3984
1495
1773
12046
1872
9844
5130
43
2773
7487
3329
18689
8416
2956
2857
13130
19115
8842
14028
3755
7026
1840
12113
9383
8287
14773
4500
19860
9587
2946
13219
8033
18306
7809
18974
8701
4166
14439
1527
11800
8598
18871
8697
14065
3792
8879
4581
8450
18723
3117
18278
8005
12719
6910
17183
3041
8128
18028
7755
2668
4542
9629
5651
15825
16879
6606
5741
16014
753
654
10927
10782
509
410
10683
5223
10310
18823
8550
4114
10627
354
3032
6817
17090
17189
6916
12102
1829
1948
12221
794
13922
6478
14394
4121
14295
10530
257
10431
15244
4971
15145
1769
12042
9445
3142
18502
8229
13316
7315
9672
4424
11370
1097
6085
16358
1535
11808
16994
6721
1728
12001
10489
216
6986
1899
2173
12446
17533
7359
5599
10174
7817
13003
2730
12904
8926
17174
6901
7394
17667
2307
12580
2406
4377
19737
9464
9365
19638
18519
8345
6623
16896
1635
19267
8994
1078
11351
19114
3853
1370
6457
6237
1523
10291
6390
2008
17269
5152
5053
15326
8013
3031
2696
186
10459
5787
16433
6160
11216
11315
1042
3453
8441
18714
11508
1235
1136
11409
8479
11267
994
3780
1747
12020
11878
16965
9024
19297
9123
7512
5433
3076
13872
8686
18959
13971
3698
9714
2843
7638
17911
7737
5547
2345
12618
2444
3167
16662
6389
4032
12726
17912
7639
15527
5254
8357
6139
13637
3364
18629
8356
13891
3618
16095
735
11008
8885
18313
13226
11572
1299
16560
2130
6844
4931
2839
13112
11600
1327
5305
9780
9919
10764
491
7562
4209
6566
12125
1852
12026
17113
4887
15160
11919
1646
11820
18573
8300
9809
14995
4722
10654
381
15741
5468
5926
11013
16064
5791
17517
7244
9601
1546
11819
6732
10144
5057
111
15471
5198
10215
3144
7858
2771
16284
6011
551
10824
5737
7497
3380
3281
13554
8094
3007
13791
3617
4246
12162
1889
6976
8922
8823
19096
4770
3925
14198
10746
15932
5659
2049
17310
18548
11375
1201
19291
9018
3832
14105
8326
13885
3612
1134
1035
11308
25
1180
11453
6366
8844
19018
6667
17313
7040
1953
4683
18825
10299
15923
5749
10836
17032
18433
8160
5065
15338
351
10624
5537
3398
5755
10842
16478
11490
1217
16577
6304
19680
9407
14593
4320
8325
9459
9360
19633
1891
12164
17350
7077
6202
13273
2370
17357
7084
11659
1485
517
10790
7171
17444
2084
12357
17543
7270
771
16032
8204
18477
8303
5710
5611
15884
5302
116
10389
3915
8629
8530
18803
3938
9025
16568
6295
6196
16469
3827
14100
19286
9013
3926
8277
11641
1368
7594
17867
4920
6432
16705
1444
206
570
10843
669
14045
3772
6502
10579
306
15695
708
10981
8624
8525
18798
13711
750
11023
16209
5936
1787
12060
1886
8273
11513
1240
3745
8832
7067
12253
1980
14655
4481
9568
17857
7584
2870
17287
8105
7813
18086
7912
2825
16160
5887
10974
5519
15792
5618
9450
3990
2782
13055
4859
11982
1808
12118
3288
3189
13462
10359
185
5272
5380
8774
4659
12014
1741
17101
6828
11722
11467
19383
9110
14197
6519
457
10730
3659
10685
412
7885
9397
19670
11511
1238
6226
16499
8309
9932
4845
8043
18316
3055
8888
3801
4174
12090
1817
2303
12576
12675
2402
4037
15822
5648
1221
11494
11952
10385
11772
6685
3870
11786
1513
6600
668
10941
7867
13426
3153
7266
1862
12135
7048
4754
9841
14182
17384
7111
12297
2024
9051
16416
6143
3786
11130
6416
11503
6690
300
10573
399
5486
1145
4699
14873
11443
16530
3680
8767
13781
3607
8208
13295
3389
18376
8103
17037
6764
8039
15955
5682
13373
14759
4486
19747
3641
13914
8728
19001
9169
4455
14450
4177
8891
3804
3313
12477
2204
17564
7291
4561
14735
4763
4664
14937
19377
9104
1660
6150
11336
1063
3992
13670
3397
2159
12333
17420
6028
16301
6127
1314
11587
15620
5347
17132
331
10604
12005
1732
9361
10331
18247
7974
3260
3161
13434
7601
18525
8252
9454
9355
19628
14640
4367
7967
19349
9076
3531
6880
898
16159
12683
8271
18544
3184
13457
5914
16187
6013
3988
6152
3696
13969
3795
8882
13821
19007
8734
5487
301
10574
15661
47
5134
10912
10220
46
2304
12577
3149
8137
18410
4896
19413
9140
2585
4942
7299
2113
12386
7200
17473
9134
1496
11769
4698
9785
12688
2415
6680
10745
472
15832
5559
5316
10502
229
16392
6119
3762
11147
874
9457
19730
4224
6703
16265
5992
11079
5665
4820
15093
15192
4919
5323
10509
236
3756
8744
19017
912
11482
1209
1110
11383
7296
17569
2209
12482
5784
15958
3427
3726
13999
3825
4571
9744
11860
2588
12861
10226
5040
15313
2638
4995
10082
4092
11163
11902
1629
6716
18973
8700
6343
5692
3747
11084
4013
4193
9280
15151
4878
9965
9592
14679
17508
7235
7136
17409
1147
2151
12424
12523
2250
7238
17511
17610
7337
8083
9879
17795
7522
8234
18408
3147
14539
4266
9353
4167
14440
235
10409
4949
4810
9897
16281
6008
16654
6381
1195
11468
12766
2493
9564
4477
4378
14651
1648
11921
6342
19359
4098
503
404
10677
1265
11538
12358
19429
14342
11092
819
18302
8029
847
11120
11562
1289
3474
13747
8561
18834
15166
4893
9980
15322
5049
9405
4318
5773
686
5875
5776
16049
18366
8093
19935
9662
7305
4948
776
11049
13705
3432
230
10503
5317
15590
19562
9289
14003
2454
6323
16596
11608
1335
6615
13367
15724
463
11010
10010
15097
13212
2939
7653
678
4547
14820
14919
4646
3402
13675
18762
13774
3501
1045
11318
6231
1890
1791
12064
17250
6977
17151
17141
12054
6967
2999
10414
15600
5327
5700
17485
7085
17358
17457
7184
1998
12271
4734
15007
9920
2377
12650
7797
2710
14868
8248
14639
4366
14540
8235
18508
9080
4940
15213
5039
10126
19410
5641
4134
19494
9221
8838
19111
15159
4886
19028
8854
6398
16671
14328
4055
8769
12979
10205
5118
8403
15211
10124
10497
10037
12394
7208
17481
7307
4617
14890
10176
4450
12366
2093
17354
19098
3738
14011
242
2098
12371
2197
2527
17887
7614
9165
2557
2458
12731
7824
2265
12538
17625
9977
17754
7481
12667
2394
12195
8792
11149
11248
975
7130
17403
15046
9209
19482
8902
19175
19467
9194
2080
16220
5947
11034
5060
945
11218
16305
16404
6131
8861
7676
17949
1450
12002
1729
11157
18228
9759
1843
12116
15318
5045
7402
10083
10966
5780
16053
3895
19464
1428
11701
6515
16788
16887
6614
1225
11498
6784
11871
18569
12082
6896
17169
1908
297
2820
9891
7534
5177
7764
10121
5064
15337
7354
15270
4997
10084
12913
2640
13529
3256
2919
19418
8840
924
11197
7870
8225
18399
7046
1959
3844
14117
19303
9030
3943
1487
11760
6145
1058
17930
3044
15674
5401
12472
7385
12571
2298
11565
1292
6379
7518
17791
9224
5061
15334
15986
5713
2511
12784
4868
15141
10054
6593
16866
949
11222
6508
2550
12823
13724
9010
14097
12973
2700
7787
12874
17697
7424
12511
17598
14495
15540
553
10826
15584
5311
9339
10288
114
19811
9538
11895
8429
3342
15500
10885
612
6579
9827
15013
4740
12235
19306
14318
4045
7521
12707
2434
12608
2851
10767
494
5482
15755
769
10943
17268
2007
4638
14911
19188
2500
7214
8056
6570
1483
8927
3410
13683
3509
18397
3136
4054
4710
14983
2353
12626
13294
3021
8009
18282
6019
5920
16193
5025
19167
8993
2424
10340
67
15328
7158
9600
19873
18361
8088
10366
5180
15453
4807
15080
6208
13400
18586
8313
1589
16850
6676
4329
14602
9671
6449
16722
1362
11635
10125
2762
13035
405
10678
11243
16429
6156
11746
1473
1374
11647
19645
9372
9273
19546
5220
7146
17419
7245
6742
16170
16269
5996
12151
12250
1977
15353
5080
10167
4684
14957
2420
12693
436
10709
535
2654
12927
13026
2753
921
11194
6107
6445
13402
3129
772
4993
19427
9154
4067
2083
7170
18945
11606
1333
16320
6047
5828
16101
741
11014
4643
12559
2286
1199
5068
15341
10254
5246
12317
532
433
10706
18501
8228
1157
16598
9527
10145
9728
16799
1500
11773
6587
16860
11872
1599
6552
11898
113
4827
9914
12743
2470
2371
12644
4602
9316
19490
16387
11399
1126
1400
11673
1123
16384
8772
8673
18946
5860
1146
16279
2544
12718
17531
7258
7159
17432
6413
16686
4762
9162
4075
2802
13075
9195
19468
19567
9294
5351
10935
16121
5848
11341
16527
6254
8984
12398
2125
6839
1653
11926
19831
4570
7575
17848
2587
6063
877
11150
5661
3304
11960
6429
16603
5584
15857
19059
8786
870
11143
969
1094
6181
9370
4656
14830
4079
233
10095
2252
12525
2351
10168
8641
4090
7946
12660
12759
2486
18100
7827
15743
5470
10184
5097
4625
14898
14997
4724
9016
19289
2950
18937
8664
17728
7455
2269
12542
16883
10657
384
14149
14248
3975
9817
10874
601
5215
6324
8176
18449
13362
3188
9438
4351
7443
19895
9622
9523
19796
15734
5461
6973
17246
12532
15078
4805
7810
12524
7437
9322
19595
5905
468
4337
14610
5472
18195
7922
3208
1788
12061
4145
14418
9331
11663
6949
18108
7835
10595
322
7393
2498
7585
9873
10718
445
12662
2389
2290
12563
4288
16073
10986
1086
11359
4015
18482
8209
7364
17637
15375
5102
10661
388
289
10562
5662
10749
18292
8019
12783
2510
17771
3279
15909
5636
9237
19510
3011
12757
2484
4642
9729
4385
14658
9944
4857
16308
6035
7547
17820
16439
54
1403
11577
4467
10211
17082
6809
13281
12049
12129
8293
9649
19922
4973
15246
9495
2620
12893
13125
6368
18631
3370
1381
6468
8189
3003
13276
6171
18795
8621
13807
3534
16545
13425
3152
18512
8239
4218
9898
6661
16934
7414
17687
1343
11616
10348
10150
5063
11523
16610
11105
6018
9296
19569
19948
14861
16013
5740
554
10827
11186
19102
19201
8928
3742
14015
14485
4212
12023
1750
6243
16417
1156
1509
11782
2516
11949
1676
2639
14950
4677
7344
2257
17089
6915
15535
5262
15436
7995
2809
13082
12546
2273
8981
3894
1716
11989
10218
44
3378
13651
3477
15665
5392
10578
305
12575
2302
17662
7389
12476
178
2796
12970
7784
18057
15191
4918
6554
16827
16926
6653
15106
15205
4932
643
10916
5364
19138
3778
14051
1172
11445
10760
8878
987
15123
4850
12612
12711
2438
19513
9240
4153
11842
6022
16196
454
16812
6539
1353
11626
3998
19861
9588
14774
4501
431
15791
5518
5419
15692
17337
12349
2076
16640
6367
534
3510
5839
752
11413
1140
12995
12518
13977
3704
4263
14536
17383
12200
1927
4854
15127
13072
2799
5257
7929
18202
16586
6313
1127
11400
4608
3539
7429
7330
17603
603
2053
7140
19580
9307
6798
446
6907
17180
11376
1103
13236
11793
6706
1639
12631
6384
791
6348
12321
2048
9632
4545
1567
11840
6632
1446
11719
15650
5377
3177
18153
8756
3570
13843
13942
3669
6908
14455
4182
15189
4916
10003
7301
10548
275
12513
2240
9215
2329
6831
11368
6182
16455
17430
7157
15735
5462
10549
10648
375
15701
5428
12615
2441
5256
70
10343
12497
2323
5159
10246
7286
16721
6448
1262
11535
18394
8121
3857
8845
19118
5991
904
6195
16468
2418
12592
15202
3118
11784
1511
16772
2172
6280
1193
3181
3082
13355
4912
4813
15086
5019
10106
13915
14014
3741
19782
9509
11228
955
1457
11730
16916
6643
4139
154
10328
18429
8156
17847
13251
8065
18338
6485
19181
9387
10560
9751
11904
1631
6619
16892
6718
19252
9078
14165
12419
2146
19897
4636
11775
1502
8687
3600
7310
12496
2223
11005
10896
5809
3689
18694
8421
5778
10964
691
19548
9275
9797
17606
7333
4700
9787
2193
11893
1620
8332
18605
3245
13518
1073
11346
16532
6259
2138
2612
12885
2711
17780
7507
17681
3455
8542
16052
5779
12313
2040
12214
9802
13418
3145
14977
12065
1792
1693
11966
6879
7770
14654
8364
19703
9430
12494
2221
9189
9090
19363
10152
4676
14949
4775
6425
16698
6524
8594
14736
4463
9550
18038
7765
9978
17654
7381
17555
15839
5566
479
10697
3559
10131
5044
7096
12183
18317
8044
7045
1859
12132
11485
4373
14646
19733
19043
892
11165
991
16351
6078
19263
9089
14726
11
10284
9222
4135
7387
2300
12474
3694
1181
11826
10522
249
5336
12351
2078
14410
19596
9323
14852
4579
19840
4782
2091
12364
16712
10625
352
253
10526
15712
5439
4611
4908
8732
10030
11352
1079
418
5505
1982
2117
1819
1720
11993
10898
17873
7600
12786
2513
12687
16326
6053
5954
16227
867
11140
9608
17253
6980
12166
1893
2069
12342
17528
7255
10374
101
8909
5488
12140
7053
7250
17523
18812
8539
16248
5975
5876
16149
2757
13030
4550
218
10491
15677
5404
1887
12160
12259
1986
17346
7073
4195
11126
853
5940
3648
974
7268
11055
782
14526
4253
9340
2211
12484
17571
17267
6994
12180
1907
15161
10229
12406
2133
11088
7353
17626
7452
1398
11671
11333
1758
12031
9012
17931
13854
3581
3035
8288
18561
8387
7864
17966
13146
2873
18233
7960
7486
12672
2399
1132
10892
619
17347
3908
2485
1761
11935
12561
2288
8162
7052
16743
6470
19399
9126
6494
16767
11000
6782
17055
18725
8452
19227
8954
10873
699
2272
12545
7458
14139
3866
19191
3930
10183
15659
5386
6720
3662
514
11578
1305
6392
10163
16283
6010
11783
1200
2608
17968
7695
6396
16669
1309
11582
19323
7766
12952
2679
4529
7350
2164
12437
11117
844
14025
3752
18236
8062
13588
8402
4271
2135
12408
3905
14178
6071
9302
19575
19674
9401
4554
14827
12641
2817
12991
9758
14290
7958
12100
2920
758
10932
4400
9056
19329
9155
15937
5664
14582
4309
9396
16995
14986
4713
9701
19974
9800
15511
18436
3324
6101
18984
8711
8314
8215
18488
631
10904
15991
15756
5483
15289
14560
4287
4188
14461
9887
7347
13797
3524
15537
5363
11612
1339
16699
6426
15840
5567
808
11081
3546
8534
18807
2490
16943
1682
11856
10631
15280
11983
15348
10360
87
10261
7273
12802
2529
2430
12703
2892
13165
8078
530
4404
9491
3874
14147
14246
3973
17624
7351
10164
4978
15251
19423
9150
6905
1818
3582
13855
14642
4369
19729
9456
14335
4364
4265
14538
8172
15836
5563
17417
7144
19031
8758
15419
5146
10332
59
15320
8655
3568
18700
11502
1229
16490
11514
16601
15016
4743
2689
13690
3417
13677
3404
460
10733
5646
8972
14314
4041
9128
9029
19302
8054
18327
10413
140
7530
11159
886
5874
16147
9426
8224
10588
5402
15675
5326
15599
10761
19094
8920
8623
18896
3651
13924
96
10369
6059
14667
18726
10434
161
19259
8986
5507
10693
420
16480
6207
3030
11964
5355
6594
122
10395
2102
12375
3547
13820
7994
9953
6394
16667
4414
14687
10614
11709
9906
6442
16715
17445
7172
9691
4703
14976
9889
9607
7459
3675
8107
18380
11018
745
5494
15767
407
10680
10779
506
7050
17323
1585
11858
6672
16945
8500
8737
3650
3551
13824
14908
4635
5981
11501
1228
6315
12747
2474
3903
11830
1557
6644
18253
2992
12361
2088
2572
13657
3384
12629
2153
12327
2524
12797
14737
4464
9452
19725
3856
14129
8943
19216
3934
19294
9021
7262
10256
19691
8793
19066
12191
1918
17179
508
3916
9003
11546
12862
2589
156
3637
17316
7043
12130
1657
11930
2804
2576
12750
15504
10161
18130
3218
18578
8305
2137
12410
11506
1233
3286
13221
2948
11657
1384
13149
2876
3086
1337
11610
3163
8151
18424
6624
16897
13157
4526
14799
14062
3789
64
10238
8341
201
10474
4389
19749
9476
12774
2501
16902
6629
14922
4649
9736
8881
1342
11615
6528
19989
9716
6971
12632
2359
1466
634
10907
3711
8699
18972
12764
2590
17974
7800
10630
18427
3219
18579
8306
15025
4752
4653
14926
8671
18944
18732
13744
3471
1378
12254
1981
1882
12155
5680
18341
8068
4101
14374
19560
9287
16369
6096
2462
12636
3326
416
10689
15875
5602
8895
13982
12734
2461
7196
17469
12481
2208
3627
19820
11825
1552
11726
983
11256
3765
14038
12110
1837
6924
12011
1928
7015
11379
1106
4751
16782
2744
13793
3520
8607
19859
9586
15956
695
596
10869
2442
17703
17802
7529
4115
15442
6240
1153
6562
5144
200
3284
8371
3185
13458
14779
4506
5596
15869
1364
11637
11803
1530
9367
4280
6187
1001
11274
4517
9604
14222
3949
13918
3744
17146
12781
12880
2607
2768
356
501
6091
905
11178
6567
10469
13842
3569
1030
11303
11402
1129
17020
18004
18103
7830
698
17594
11129
856
16216
5943
9754
16954
6681
6582
16855
11489
2100
12306
2033
13543
3369
15253
3297
11947
17551
7278
12903
2630
7099
18207
7934
2741
7828
5318
11718
9923
3725
3982
8970
19243
1832
1577
12074
1801
705
8169
8913
8814
19087
2819
18179
7906
14866
4593
12902
7227
17500
2239
7326
8170
10060
12852
2579
5266
10425
16401
6128
378
10651
7447
12578
2305
7392
19843
9570
4483
6911
16242
5969
17261
9440
19713
19746
3710
8797
3601
7041
1508
11781
18266
7993
9251
5172
15445
10358
7179
8087
3351
1913
18248
7975
11301
1028
12206
1933
19750
9477
17103
6830
2772
3809
3415
1033
14819
4546
4065
3966
14239
19425
9152
12867
8681
8473
13659
3386
14512
4239
3785
6178
16451
11463
1190
10308
35
15236
2941
13214
3040
8028
18301
5035
10122
9910
11754
1481
7640
3995
9364
3387
13660
4783
15056
9026
8159
4412
5370
15643
6154
3593
13866
8779
4514
14787
6012
16285
1024
19571
9298
9199
19472
17789
7516
2429
5668
18078
7805
14715
9975
11152
879
1256
11529
18461
8188
3585
8573
18846
19591
4330
19038
8765
4851
8813
8214
1150
11423
9737
2045
4685
14958
1
4110
9197
2680
2247
12421
531
10804
5161
7721
2634
997
16975
11888
11555
1282
14763
3446
17765
19477
16910
6637
1352
12147
1874
5026
6153
1066
11087
14063
3790
8877
2190
12463
12562
2289
6655
7630
17903
9184
19457
4196
10293
17408
12420
2147
11705
5150
10098
1851
7362
17635
9112
11312
16399
4018
3614
13887
13005
8899
5017
4555
10906
18382
8109
13477
3204
8192
18465
4405
2617
4423
14696
13908
3734
12742
18232
2971
9175
2615
12888
6730
7470
17743
12656
13698
3425
7065
9133
12289
2016
10902
16205
5932
5187
8665
18368
8095
8193
438
10711
11101
927
15963
2256
7343
1412
97
10546
273
15534
11102
829
9939
5440
15713
353
10626
1224
11497
6803
10180
10410
137
2603
8702
18975
1439
11613
4825
5103
11863
267
1812
1267
11540
6354
16627
2903
2520
12793
4375
14648
19531
3594
13867
3047
8035
18308
8134
4847
2720
3950
14223
15121
4848
5956
16229
16328
6055
2119
11814
1541
6506
16779
12550
2277
12451
3708
8696
18969
14924
19125
8852
8753
19026
12405
2132
4312
2380
12653
10615
342
2155
12428
6082
11566
16582
6309
1222
11776
1503
13661
8322
7186
2000
12273
1861
8042
18315
8141
9230
1931
19614
18904
8631
2574
7122
1936
12209
11232
959
6705
11792
11891
1618
2118
12391
7304
6406
14243
8360
18633
14531
4258
347
3560
645
227
17927
15731
5458
7025
427
15688
9054
483
10756
10855
582
8835
19108
8934
3968
4729
14955
6787
17060
9295
10260
17063
6790
17788
7515
11347
11446
1173
13631
8613
18886
10696
423
681
8047
12208
130
3499
9009
19282
6106
11193
13197
2924
3267
11371
5292
14368
4095
18396
8123
8024
18297
7720
17993
5453
15726
465
14623
4350
6189
11619
1346
1628
11901
16765
6492
5670
15943
682
5769
3344
13617
3763
8584
15138
4865
11095
822
723
10996
5909
11415
16443
6170
11998
1725
15452
10365
8419
2751
6875
376
10649
18903
4568
5691
9427
4340
4241
14514
12389
10114
2258
12531
7028
7845
2343
8685
18958
3171
7274
17629
7356
19523
9250
396
10669
10768
495
12499
2226
12400
8468
12736
2463
5955
9775
7851
18124
7380
17035
6762
11948
1675
10895
14452
9181
4094
1255
11528
16714
6441
5986
9643
19916
5107
12027
4706
1943
17381
5435
15708
348
10621
12799
2526
4835
9922
3409
4647
14920
15019
4746
770
11043
1588
2755
13028
7042
17315
12350
11670
17449
7176
12605
2332
6158
11203
930
8604
10295
22
760
11033
8311
18584
8027
9598
10780
10929
7540
7441
17714
5307
9380
4747
2010
12283
1321
486
2397
12670
2496
7583
8602
1415
11688
11787
1514
4817
15640
5367
3381
13654
3312
8399
18589
2324
10044
5284
18836
8563
4597
7161
11879
1606
2165
12339
7252
1883
10535
160
10433
15698
19788
17514
7241
8355
13745
4508
14781
9694
3948
16938
6665
18617
13629
3356
8444
11539
1266
11440
10292
11058
785
9984
9293
18679
8406
9290
19563
163
10436
10487
11741
1468
9931
11969
1696
4056
5884
6557
16830
6575
6446
11533
11322
1049
4333
14606
4432
1772
12964
12492
11124
851
3893
3985
14258
9101
18794
8521
3604
11843
1570
8481
3855
13895
6806
525
11963
1690
6788
6599
11686
3589
12639
2366
1766
12039
1865
8207
15700
19048
18651
2036
68
15428
5155
10242
17824
7650
15176
10538
265
2043
2813
9011
9990
1101
8707
18980
3620
13893
7749
5906
16179
5022
15295
10326
53
16729
6456
12486
2213
1197
11470
7027
17300
10612
339
1165
2878
13151
8064
15171
4898
4777
7744
8348
6483
10797
524
13524
18257
7984
12242
1969
3037
4904
12241
697
10970
15474
11380
11479
1206
14164
3891
16747
8057
8089
3661
13934
12037
1764
5961
16234
7931
18204
2315
12588
1171
5573
15846
18706
8433
13734
3461
4875
10786
513
16820
6547
14733
4460
18996
8517
12008
1735
5801
478
2184
12457
7271
17544
12623
2449
11732
1459
5721
1182
2898
13171
18357
8084
5368
1737
1638
11911
4592
14155
2179
12452
2278
9178
10172
403
10676
5592
8575
8802
19075
7374
13649
10653
380
8675
3588
11832
1658
19856
744
11017
7182
17455
19682
9409
4863
15220
4947
10066
3952
11123
11457
1184
9727
9972
11269
996
12868
7781
19888
9615
16440
17365
7092
7745
9518
16221
5948
11035
6045
16318
8864
19137
2974
18664
11545
5313
15586
8202
1113
11386
6163
977
11250
19305
9131
6423
13399
3126
799
9863
7224
9161
8790
1988
8257
9925
12057
1784
1540
11448
6361
14601
8383
16341
14576
12674
2401
8349
6733
17006
1050
1563
11836
6749
120
10393
3143
19615
3222
13495
3321
14084
3811
8898
19757
9484
9385
19658
4726
12
18526
8090
16471
16570
6297
561
10834
3428
9193
19466
9292
17707
7434
1834
15198
8486
19365
9804
685
10958
12173
1900
10141
19225
8952
10739
466
11063
790
803
8289
18562
9853
564
10837
2955
8022
13469
3196
8283
10267
17284
7011
15174
4901
15075
2017
11050
10057
1411
11684
7882
7881
11990
8903
19535
9262
3496
10043
15627
4053
14326
12557
15968
2422
12826
7739
18728
8455
3269
13542
14809
4536
121
2009
12282
17468
7195
5656
10743
8586
18859
13871
3598
15717
5444
3962
6199
16472
3504
13777
13876
3603
3289
173
3160
6674
545
10818
9046
6333
12246
1973
6961
17234
4567
7910
13616
3250
13523
3482
19675
9402
903
19453
19787
10109
11640
1367
11971
19260
14272
3999
3974
537
10810
802
133
10406
10505
232
1163
12295
3707
1448
4344
4553
2905
3556
3940
19015
8742
10070
16063
5790
6464
16638
7279
9313
18999
8726
4387
296
10569
17039
6766
389
10662
14467
4194
12579
10318
45
6241
19752
10550
8449
16331
6058
9560
11350
1077
2913
4822
10576
303
17294
7021
19346
9073
7964
18237
8112
8551
18824
11774
1501
6444
16717
1456
3395
10118
4151
19740
14508
4235
15316
5043
17471
7198
2012
12285
11951
1678
14946
4673
13332
3059
12611
2338
12509
7357
17630
12642
2369
11424
1151
10737
15971
5698
1002
687
10960
3498
10507
5823
14191
3918
10101
4058
3978
3367
837
11110
6023
6933
17206
17292
7019
11349
5957
11834
1561
8494
16081
6852
12754
2481
7667
1581
11854
17048
11310
6080
16353
17470
7197
16450
4539
7510
17783
5748
5006
10059
8556
15982
5709
390
1906
6993
2185
12458
18535
15154
4846
11910
1637
12768
4228
7054
363
10636
394
7269
6794
14947
4674
18658
8385
4573
19828
9555
8820
1912
12185
5182
15455
13483
12565
16068
5795
5484
10377
104
1022
15703
5430
13762
3489
4438
13940
3667
10404
131
9310
2403
12676
13217
2944
18957
12103
1830
17105
13553
3280
383
10656
14762
665
10938
10259
2673
9494
5572
15845
3159
9597
10698
425
18540
8267
8390
13754
3481
11437
6714
5226
15499
6190
16463
12310
19882
14704
18027
7754
8432
8071
2996
13269
7508
18146
7873
4384
2499
12772
4159
9058
14177
3904
5704
8933
19206
4247
6222
8516
18789
2747
13104
6527
17220
6947
15520
5247
11928
15772
4227
14500
5471
15744
9315
19588
17738
7465
14777
4504
7076
1897
12170
5762
16145
8810
3371
2103
12376
15572
5299
5199
8893
11604
1331
817
11090
19577
11541
1268
12749
11199
8537
7342
17615
6009
12083
1810
9153
2412
3331
10750
12916
2643
81
10354
16350
6077
4911
15823
6334
907
11180
11477
1204
5861
91
11571
15122
4849
9347
9052
19325
6048
16321
10026
10045
13372
2676
12949
